-3.001452213556038071e-02 2.233338630256841206e+00 -3.082634277717780424e+00 9.552261231824633603e-01 -4.984386122251375194e-03 2.256581907180207555e-02 2.949728687428799789e-01
1.280128217672626745e+00 2.192813156950416786e+00 -3.032728384462792803e+00 9.554020207268951737e-01 -4.649678234214894845e-03 2.128762678858859420e-02 2.945033042751701857e-01
2.595346181845662681e+00 2.164383726844857581e+00 -3.004683356388175852e+00 9.556679829695353678e-01 -3.982744235964491737e-03 2.088285892525695159e-02 2.936779703661799301e-01
3.912471670004303181e+00 2.142938810117923421e+00 -2.978885503747457975e+00 9.558976953126449017e-01 -3.445394059561718032e-03 2.133967748710468432e-02 2.929033006309329501e-01
5.232110098364972650e+00 2.123923867439755142e+00 -2.937550609895248854e+00 9.558495434510877464e-01 -3.433132081481428139e-03 2.128753181975434616e-02 2.930643357310488972e-01
6.552833867861191486e+00 2.093183117754730205e+00 -2.897692862614406728e+00 9.559858774009767357e-01 -3.462105722764438620e-03 2.053087581827339053e-02 2.926730243325881831e-01
7.879783415181621287e+00 2.049572595337595171e+00 -2.860446669568099676e+00 9.561899462487845058e-01 -3.599378126520504876e-03 1.967544937089573537e-02 2.920628491641862334e-01
9.209359642731055118e+00 2.005009266708484006e+00 -2.810788113886291129e+00 9.561573157049310101e-01 -3.417740408455061281e-03 1.909931625448573964e-02 2.922100662076040911e-01
1.053981717160165310e+01 1.965384485608405063e+00 -2.767870628394782262e+00 9.560739786547048924e-01 -2.608800816547502018e-03 1.977728721081552926e-02 2.924458931293844044e-01
1.187432194692815379e+01 1.931050349798842491e+00 -2.724003277090011554e+00 9.557593945850930695e-01 -1.699320701259810244e-03 2.050305912200993397e-02 2.934292359975914644e-01
1.321170667651936448e+01 1.903076973792553694e+00 -2.667762217748713915e+00 9.553498486558077429e-01 -1.302376366978807857e-03 2.054581935884196298e-02 2.947589520201168156e-01
1.455019684369394284e+01 1.881591146654460367e+00 -2.619934593242743581e+00 9.550691742120970273e-01 -1.050051156045255906e-03 2.034132572093850025e-02 2.956822624546614486e-01
1.590020532675049481e+01 1.846328551958941855e+00 -2.571399646424355812e+00 9.549781223481301762e-01 -8.793066391460301013e-04 1.965670546333216778e-02 2.960230169878716455e-01
1.725187812154258538e+01 1.805751687305748199e+00 -2.539039347547987990e+00 9.553609662541924230e-01 -1.439048516480175531e-03 1.823843589170699719e-02 2.948740625308490237e-01
1.860407587254238493e+01 1.748475873512896683e+00 -2.518436245996950262e+00 9.560069407319751189e-01 -1.629450102953884085e-03 1.728122364734011041e-02 2.928300419593294346e-01
1.995582095830284430e+01 1.691691832653342997e+00 -2.497854400967923549e+00 9.564684907393397051e-01 -6.939793727510698692e-04 1.846916783607247328e-02 2.912497801799731612e-01
2.131068757230876898e+01 1.649828082658499007e+00 -2.472506113451700571e+00 9.566752223689404255e-01 5.908918666086070438e-06 1.954746343782466297e-02 2.905002849285521771e-01
2.267497282963248750e+01 1.620515177321928624e+00 -2.415584265976325362e+00 9.564975686307458647e-01 3.721894137585924213e-04 2.026504315438384246e-02 2.910353770668833162e-01
2.404086910078947170e+01 1.579361344100548292e+00 -2.361735990703488941e+00 9.561970885337095494e-01 -1.387699004089136198e-04 1.919003515563781279e-02 2.920939081413672089e-01
2.541722063716725799e+01 1.526835748093712919e+00 -2.328489393883011349e+00 9.561597760654333422e-01 -8.728629024614744389e-04 1.737152873851740761e-02 2.923284979849565812e-01
2.678741138916987907e+01 1.443867240173551281e+00 -2.317725072845971290e+00 9.565592086866224752e-01 -1.152927613205912034e-03 1.647146596055396733e-02 2.910701665300858831e-01
2.816089082421786216e+01 1.370113657906299576e+00 -2.296477237882196931e+00 9.572547186202227110e-01 -3.235263771478654880e-04 1.750978140298748917e-02 2.887156153816780590e-01
2.953596182925336677e+01 1.326611126869824187e+00 -2.248592597621267064e+00 9.574764783349636321e-01 2.540928939375119381e-04 1.871790504389793733e-02 2.879034020341630917e-01
3.091576256701527470e+01 1.293567249948731401e+00 -2.202323092174841790e+00 9.576978491660509407e-01 5.026834377071017629e-04 2.013586245767916977e-02 2.870698940243763264e-01
3.230121644623772426e+01 1.281874999715430841e+00 -2.144315768747110162e+00 9.574611546424003361e-01 4.867586347143003280e-04 2.043149003557781507e-02 2.878375490303499706e-01
3.368367254930096522e+01 1.253494727209550241e+00 -2.091437497268340273e+00 9.575578510197826354e-01 7.328575519476248192e-04 2.143526286115971652e-02 2.874420887348571041e-01
3.507687700523577945e+01 1.219196841041020107e+00 -2.045589767401210679e+00 9.576038237362856087e-01 8.258432386357182154e-04 2.091484489681898554e-02 2.873269984034432234e-01
3.647450590126869230e+01 1.190634018292295870e+00 -2.007904275341148903e+00 9.577241772995218616e-01 7.406414273498408436e-04 2.011316948822539433e-02 2.869831215931838986e-01
3.787278658281143606e+01 1.158420379567476788e+00 -1.967103589930634611e+00 9.576997686407854316e-01 7.644482672632746997e-04 1.901314935904113018e-02 2.871394590015163839e-01
3.926873594386731270e+01 1.129876365647876080e+00 -1.924687041312355351e+00 9.574858741159685271e-01 7.538279308736569023e-04 1.865174814913705265e-02 2.878755719105242639e-01
4.067187467459959294e+01 1.102626766339687148e+00 -1.884887923064422433e+00 9.573191684452997396e-01 7.779457043408481709e-04 1.862052089815880232e-02 2.884314142550393756e-01
4.207895979767724981e+01 1.067794126653885955e+00 -1.851611592807211659e+00 9.571040610571115437e-01 7.699722809615196272e-04 1.816910044918524161e-02 2.891731440496140837e-01
4.348698812633529087e+01 1.030702493578055545e+00 -1.823522115952519451e+00 9.570729493367459151e-01 8.672399316790521673e-04 1.787673186280145515e-02 2.892940372711978458e-01
4.489713784677562103e+01 9.915656829942651740e-01 -1.801880965331383200e+00 9.572382390716898115e-01 1.252241132758624481e-03 1.769388479159339153e-02 2.887564925539470306e-01
4.631055314584786942e+01 9.518950875611997819e-01 -1.773910331946640939e+00 9.573772916057284865e-01 1.822091801648992706e-03 1.760434650776171103e-02 2.882975693327655686e-01
4.772682394232096925e+01 9.129727638468239093e-01 -1.752485961591333963e+00 9.575736597476331990e-01 2.308012979995232878e-03 1.725918224493623587e-02 2.876620931958959737e-01
4.914974454649459545e+01 8.665892180085748020e-01 -1.733159823727123516e+00 9.576056907848533584e-01 2.897882886128184780e-03 1.624197710682692003e-02 2.876093556039220345e-01
5.057199935998011853e+01 8.063598619181218119e-01 -1.708317645382651628e+00 9.576415312519167555e-01 3.712155625213906223e-03 1.593621343884822975e-02 2.874977471621821268e-01
5.199827753027578581e+01 7.522875895198160023e-01 -1.701949245757519380e+00 9.577229132812110635e-01 4.457462051299584949e-03 1.536948941006651900e-02 2.872468123469520962e-01
5.342683881226230369e+01 6.881025772110953564e-01 -1.695869878024902633e+00 9.579042643854399630e-01 5.027665435460475576e-03 1.461940134356663062e-02 2.866712681047996480e-01
5.485321120377018644e+01 6.069276407118031624e-01 -1.695003488423369564e+00 9.583810587767238598e-01 5.282257723919954635e-03 1.401216663582333620e-02 2.850991110430090014e-01
5.628433181991123746e+01 5.314463890772596066e-01 -1.685137936138684456e+00 9.587277590743903399e-01 5.749766950792687542e-03 1.372783381261907451e-02 2.839358567335631411e-01
5.771366281259858511e+01 4.879926239370917518e-01 -1.669029611135866231e+00 9.591014111873085168e-01 6.331712406927316253e-03 1.388188590566302900e-02 2.826511732156999357e-01
5.914221597305608924e+01 4.430407035480334876e-01 -1.658729302522073734e+00 9.593726354423950387e-01 6.404532380814483353e-03 1.358886652704154908e-02 2.817418517647081178e-01
6.057241722479702162e+01 4.058993116688029978e-01 -1.650737714808360623e+00 9.596402190503743324e-01 6.075133489852091971e-03 1.325067640857913870e-02 2.808525632938844163e-01
6.199779115536428975e+01 3.667831913635790642e-01 -1.640208308256687619e+00 9.598345951653938224e-01 5.667563897668236213e-03 1.299211368763553316e-02 2.802081969269955564e-01
6.342205650123047178e+01 3.144392503501680647e-01 -1.631428222143219919e+00 9.601075371359381050e-01 5.722904542481374937e-03 1.325347814926005306e-02 2.792581436866398703e-01
6.484212170376426343e+01 2.616665844350161141e-01 -1.623713019021286286e+00 9.604270517934857532e-01 5.846555598211252910e-03 1.367843011294493649e-02 2.781341340442691767e-01
6.625954814510606639e+01 2.083570629861055679e-01 -1.594988725719940881e+00 9.604557455462889859e-01 5.841341850065025210e-03 1.382960063302652622e-02 2.780276635855576939e-01
6.767376734556053464e+01 1.744577703255125734e-01 -1.567650938064525379e+00 9.604073478216151871e-01 5.542507274539872075e-03 1.388316303659854409e-02 2.781982470244232508e-01
6.908720186035154143e+01 1.481473605495358115e-01 -1.532764624536166131e+00 9.601170920268017328e-01 5.262571194280773502e-03 1.295533281304328890e-02 2.792483380328817932e-01
7.050158499173592475e+01 1.135419235281607264e-01 -1.496082454090968961e+00 9.598975577299039275e-01 4.703082651235925352e-03 1.207839038519834159e-02 2.800511956115239176e-01
7.191216159219460735e+01 9.176549820357893239e-02 -1.470640534798828059e+00 9.595730867999914260e-01 4.460712263076212214e-03 1.155693659697657090e-02 2.811868246410837990e-01
7.331264334176348996e+01 8.134073863362356605e-02 -1.426320819586521349e+00 9.592073507378110486e-01 4.372585196301486364e-03 1.133275304880075433e-02 2.824423967777962563e-01
7.471584495770292733e+01 6.517184981843460179e-02 -1.391851788849439941e+00 9.590116891786683029e-01 4.290391376362602711e-03 1.134159438914367039e-02 2.831069423331528112e-01
7.611865769202951526e+01 3.960553407801148396e-02 -1.365768281029798636e+00 9.589868409326970378e-01 3.909792520389339734e-03 1.140572506357321637e-02 2.831940357354791327e-01
7.751511952880126444e+01 -1.199230693511221801e-02 -1.355642026401089550e+00 9.591779419876705903e-01 3.851518919483763390e-03 1.107935677043675113e-02 2.825598861478091917e-01
7.890900241538858495e+01 -7.547084402473558384e-02 -1.354495242781208919e+00 9.594574289362908237e-01 3.907078724947775882e-03 1.117465309570723174e-02 2.816048719802094480e-01
8.029959235403748607e+01 -1.287690373188459247e-01 -1.348693472992532172e+00 9.596978546152681311e-01 4.386766401166454499e-03 1.151665289384055761e-02 2.807635140710343924e-01
8.168546415558077456e+01 -1.752201981673287001e-01 -1.339919466638031409e+00 9.599106076610649518e-01 4.699248985231796807e-03 1.134404470766637099e-02 2.800372386101716571e-01
8.307241414488238718e+01 -2.064312366802179000e-01 -1.322170606773080292e+00 9.600065549733675097e-01 5.075545495622739781e-03 1.095409891413554049e-02 2.797171088136509720e-01
8.445943349553040491e+01 -2.445527021634377185e-01 -1.306259087465707180e+00 9.602240210843373536e-01 5.432977469217776037e-03 1.105957054188241168e-02 2.789587747103040027e-01
8.584229839914355864e+01 -2.630059800196669073e-01 -1.286996076980513326e+00 9.603366851977672702e-01 5.667664077350407538e-03 1.059254455985153727e-02 2.785841464387704414e-01
8.722777639693441643e+01 -2.832068636194207123e-01 -1.264636496097778506e+00 9.604390824613812105e-01 6.201672649844471724e-03 9.555669543111027647e-03 2.782570705600618810e-01
8.860672445611737658e+01 -3.379632970439607753e-01 -1.278126562845877112e+00 9.609113129646450480e-01 6.706177446087591143e-03 8.582700224889164980e-03 2.766420305330936635e-01
8.998441671054068536e+01 -3.838123033086890956e-01 -1.280439736025788866e+00 9.613213236776226855e-01 7.373364904504524538e-03 7.823742868350422666e-03 2.752194309641274317e-01
9.135356787823731395e+01 -4.312195708138286676e-01 -1.295628774808470718e+00 9.616635421480477230e-01 8.198810508931890506e-03 7.352461401144616028e-03 2.740108620490314673e-01
9.272005715655832603e+01 -4.770724467144207281e-01 -1.299533857973943718e+00 9.620695647184004384e-01 8.791570854459680381e-03 7.234883309570088426e-03 2.725665375425883052e-01
9.408314071278459778e+01 -5.022446705345071649e-01 -1.304660630092747242e+00 9.622760967217230954e-01 9.055663517179939753e-03 7.359269819439242903e-03 2.718244834152971912e-01
9.544176072315438830e+01 -5.160134826760680582e-01 -1.295801566156065787e+00 9.623336380731613016e-01 9.194564092333367203e-03 7.533796397300947939e-03 2.716112496489601069e-01
9.679602854067624662e+01 -5.222062953973809485e-01 -1.281367749958688407e+00 9.624880659949315298e-01 9.584157904851210719e-03 7.498606898237934228e-03 2.710509871392779435e-01
9.814887941553885753e+01 -5.279510643475866516e-01 -1.268942150422537551e+00 9.624848294311048047e-01 9.597794007111979178e-03 7.880550077281157223e-03 2.710511619522291693e-01
9.949984178211609276e+01 -5.294929217131700838e-01 -1.258015372628085160e+00 9.623915850171824715e-01 9.440798030739779023e-03 7.573985280780754642e-03 2.713962843659151747e-01
1.008461341968503149e+02 -5.385212964600953889e-01 -1.253827957697869699e+00 9.623507845209556821e-01 9.245363339841380229e-03 6.774200443630628080e-03 2.715687776548786347e-01
1.021924457237684720e+02 -5.524224219565980754e-01 -1.247144153022245572e+00 9.622774893765059234e-01 9.010593181195779636e-03 5.891629823601306735e-03 2.718568214111851122e-01
1.035337275857727377e+02 -5.859908713151207316e-01 -1.240002977977941345e+00 9.623035580269018174e-01 9.281607861864573511e-03 6.589235130470398952e-03 2.717393897554401527e-01
1.048735118172273673e+02 -5.997070278122818010e-01 -1.236176218991537068e+00 9.623638231119060471e-01 9.639289274607150057e-03 7.796974295050029466e-03 2.714814234152286287e-01
1.062107492390298944e+02 -6.214445247164572805e-01 -1.232027672172298693e+00 9.625577515000344198e-01 1.018182459714116889e-02 8.261286321852330874e-03 2.707594072666349994e-01
1.075565354122393131e+02 -6.333201732208597612e-01 -1.233232511835873790e+00 9.628846381812107280e-01 9.801634905423267652e-03 7.712718521830416903e-03 2.696249533719437541e-01
1.088987072215657292e+02 -6.543026083585465891e-01 -1.242771907645389362e+00 9.631758265894595494e-01 9.309047935166942997e-03 6.675948207039440405e-03 2.686281824674939811e-01
1.102380131779550254e+02 -6.708369543811505409e-01 -1.265688211435454846e+00 9.634516095085140508e-01 8.773657104861325162e-03 6.631047998727274649e-03 2.676565864664994798e-01
1.115710467028917776e+02 -6.988706320065452005e-01 -1.266498472412308063e+00 9.636718389090409564e-01 8.889820650196115365e-03 7.524165180998299007e-03 2.668350518968672924e-01
1.129006702726456837e+02 -7.145139616460003396e-01 -1.263879726158595895e+00 9.636124181646730236e-01 8.970816410827727252e-03 8.926620239038689578e-03 2.670036469092931797e-01
1.142253504700504720e+02 -7.263788346501596216e-01 -1.261296720497350199e+00 9.635447340545788553e-01 8.710582407586249173e-03 1.026776793884559211e-02 2.672082412115419081e-01
1.155578829256990048e+02 -7.430416812795632708e-01 -1.267038046332324308e+00 9.634010431429765875e-01 8.122219617383229576e-03 1.056978532771373110e-02 2.677325890840290823e-01
1.168917424060265375e+02 -7.572724606113578893e-01 -1.281173452272990509e+00 9.633562160909444616e-01 7.069080942701847295e-03 9.996594831263458381e-03 2.679456980534350441e-01
1.182267670203817715e+02 -7.921974352680285492e-01 -1.284591705272043693e+00 9.634555882109687719e-01 6.414631152000463930e-03 8.881019425938212197e-03 2.676439977772642198e-01
1.195613330715423217e+02 -8.236812196020224519e-01 -1.280643187352982659e+00 9.636622420563425440e-01 5.753213775725651326e-03 9.072362505846524872e-03 2.669076169852715452e-01
1.209048596658461179e+02 -8.701114486023873162e-01 -1.277600989900561812e+00 9.637754118184921337e-01 5.444448449513843852e-03 9.461471097069872049e-03 2.664916398686006938e-01
1.222692647351733655e+02 -9.169824630457639181e-01 -1.255024312646395135e+00 9.637483408178768585e-01 4.940908553057200663e-03 9.849921830161445860e-03 2.665852622209249900e-01
1.236255374024334657e+02 -9.589597634703550533e-01 -1.231893968034577513e+00 9.636448646663355877e-01 4.607109761343233974e-03 1.004617030231712976e-02 2.669577191318944775e-01
1.249855297170607002e+02 -9.981460386734006818e-01 -1.217342315181948686e+00 9.637478060827590065e-01 4.158877803984892610e-03 1.081294305545069979e-02 2.665632200221177972e-01
1.263400005663077081e+02 -1.021897926725778838e+00 -1.197104944877557253e+00 9.636874747632409033e-01 4.014757717886612877e-03 1.113882625936726649e-02 2.667700493955011964e-01
1.276967611581611806e+02 -1.034718834212903449e+00 -1.176307940609228719e+00 9.639591783048571116e-01 3.386872392297612337e-03 1.124168579524485907e-02 2.657910008967649396e-01
1.290548721035374626e+02 -1.052636489308329981e+00 -1.150365461725223248e+00 9.641581948089981147e-01 2.811394972497276330e-03 1.051840574471948897e-02 2.651045729170888321e-01
1.304134709283235907e+02 -1.056769994969356752e+00 -1.125981392743233389e+00 9.643321163874558621e-01 2.415845801530812440e-03 9.790479044302243666e-03 2.645030803465932556e-01
1.317631460932922209e+02 -1.060977324096287422e+00 -1.099147239891773209e+00 9.644700189725405881e-01 2.374102213779547346e-03 9.182421293188122724e-03 2.640220242346836277e-01
1.331177925740985017e+02 -1.095696579051698816e+00 -1.077115856491056789e+00 9.648455268625929504e-01 2.514214365814994041e-03 8.612731139052044391e-03 2.626644416012463568e-01
1.344702796221086771e+02 -1.131440338278809410e+00 -1.055127667439752948e+00 9.651295148359354537e-01 2.922541210081770844e-03 7.629360097998276122e-03 2.616453156659264701e-01
1.358247499484508580e+02 -1.138046552579641268e+00 -1.033735634347686894e+00 9.655693692227792502e-01 3.723193129017840323e-03 7.051412531836516624e-03 2.600234770803476758e-01
1.371716904456071404e+02 -1.155938365980289539e+00 -1.010577118773202887e+00 9.658946042620973893e-01 4.226192646581927032e-03 6.533974934993859798e-03 2.588185849675971317e-01
1.385242909254862980e+02 -1.184253231343174839e+00 -9.878938507125902824e-01 9.659767921959908632e-01 4.674971155172858057e-03 5.956159702715768320e-03 2.585179021751448092e-01
1.398755644854585682e+02 -1.205015154184865711e+00 -9.857678651815993121e-01 9.662140888850593301e-01 5.162517554322279198e-03 5.701208776455989058e-03 2.576260450168094684e-01
1.412271259952419484e+02 -1.220227058135214815e+00 -9.739098334544418201e-01 9.663076889560906491e-01 5.792627413246495896e-03 5.212674049134325555e-03 2.572716924988986409e-01
1.425775721006683057e+02 -1.233950954292982516e+00 -9.658401818610240497e-01 9.665035040191736204e-01 6.303345485295239019e-03 5.195529027275844723e-03 2.565233927587873830e-01
1.439263542909289413e+02 -1.250742793434875377e+00 -9.554077870597668110e-01 9.666872881685121266e-01 7.016634288559612728e-03 4.938874987683307752e-03 2.558164600852040338e-01
1.452750674228295793e+02 -1.285655836319970380e+00 -9.555938830265304773e-01 9.672175452081853697e-01 7.985810411839123005e-03 5.932245734421290329e-03 2.537543212125938918e-01
1.466185399467178740e+02 -1.334370619994905915e+00 -9.839034311068726169e-01 9.681461207897937848e-01 8.801335680034593281e-03 5.805265367024166692e-03 2.501637947104654591e-01
1.479704042836225995e+02 -1.404036414957916978e+00 -1.020895668145710200e+00 9.693503656134210278e-01 9.093560264536110563e-03 4.265441310845750206e-03 2.454770495530410046e-01
1.493186828044479455e+02 -1.466406290385638744e+00 -1.064764629028588594e+00 9.705114160293475400e-01 9.716925907189574718e-03 3.123961049888974648e-03 2.408389785208860101e-01
1.506642403027310877e+02 -1.497762135779462600e+00 -1.101032952925883324e+00 9.710792031347476039e-01 1.093075754364717170e-02 4.641387816583495557e-03 2.384620667901745927e-01
1.520087086791740774e+02 -1.522407443175485930e+00 -1.122975221688938596e+00 9.713171694991236116e-01 1.118252861598107752e-02 6.254488540889477192e-03 2.374421796207560331e-01
1.533558560648457956e+02 -1.519218875320176299e+00 -1.124477080833418352e+00 9.711772394278874732e-01 1.103157085548105848e-02 7.303273379482413258e-03 2.379910423936854036e-01
1.547039716738368611e+02 -1.538808281638004427e+00 -1.138091266511301880e+00 9.712961192294198298e-01 1.080761513737193806e-02 7.281401123136263184e-03 2.375163687466510798e-01
1.560535048171562948e+02 -1.548355453342153965e+00 -1.168240091473968567e+00 9.717683422304619345e-01 1.004746554286881782e-02 5.379996798435008817e-03 2.356616072025172204e-01
1.574030801057847384e+02 -1.593952025629180813e+00 -1.217285293469419605e+00 9.726074409144033206e-01 9.443219233738475715e-03 3.837080235725000375e-03 2.322302054077025613e-01
1.587521306742957563e+02 -1.627441486587880792e+00 -1.262263390204752866e+00 9.732931720735837899e-01 9.165834420706672064e-03 2.924339662430240627e-03 2.293639834670041511e-01
1.600988929719898692e+02 -1.664781590130857136e+00 -1.302536249793175838e+00 9.737613358957146747e-01 9.139243094932624281e-03 2.770608630447927729e-03 2.273711913986942723e-01
1.614501817640262686e+02 -1.687077288877607106e+00 -1.323339004798931073e+00 9.737189568592272693e-01 8.587778549699697991e-03 2.334196877239519061e-03 2.275789854918461863e-01
1.628009707768003693e+02 -1.706615557521196092e+00 -1.335002772669763527e+00 9.735455053797236191e-01 8.081385033180609259e-03 2.671274154132335325e-03 2.283346326453294106e-01
1.641527503407939719e+02 -1.728947908535622968e+00 -1.332430410331118642e+00 9.733437939475015899e-01 8.312116697067667079e-03 3.617331212354428852e-03 2.291717312732917677e-01
1.655050423248296170e+02 -1.744846920840696480e+00 -1.338966731128951482e+00 9.731783509566024337e-01 8.295523327180691353e-03 3.861317804976714153e-03 2.298699017856082327e-01
1.668644584306352670e+02 -1.756897211607808540e+00 -1.353514664436744397e+00 9.730602838856075021e-01 8.175559751812670056e-03 3.092588735805680122e-03 2.303850690520475031e-01
1.682265157154305655e+02 -1.774537996855125144e+00 -1.370282049340178832e+00 9.729391792623385271e-01 8.799464214352769806e-03 3.079954470368306569e-03 2.308732049552915666e-01
1.695878508457435316e+02 -1.774621067948032760e+00 -1.385829249730356816e+00 9.728025561492147366e-01 9.832647728753337105e-03 4.171228717538251821e-03 2.313895128115842359e-01
1.709486754370865640e+02 -1.781944682169768868e+00 -1.376759197262914958e+00 9.725615838036345551e-01 1.131726935304174647e-02 5.141612690586674916e-03 2.323132560632232002e-01
1.723143458693061234e+02 -1.773442097885814306e+00 -1.373626904051160835e+00 9.720877583098453956e-01 1.248736513287547478e-02 5.398388283318553138e-03 2.342227855271991344e-01
1.736843346480243326e+02 -1.751224506141543902e+00 -1.371579955698884357e+00 9.718353533488308660e-01 1.289549181115334266e-02 4.006095501558493838e-03 2.352736778118918737e-01
1.750614711591123012e+02 -1.718319796955015022e+00 -1.382223808579707169e+00 9.717362124493620357e-01 1.302023872195804365e-02 2.550013452814569540e-03 2.356962117421106395e-01
1.764421436456196659e+02 -1.712774217738211924e+00 -1.400806995541828526e+00 9.717293845995278456e-01 1.289347451826185903e-02 1.152059294367954907e-03 2.357423046040996450e-01
1.778189701150573967e+02 -1.732369754775024528e+00 -1.446730742439743533e+00 9.721490413270476028e-01 1.316512530817506334e-02 4.719174401471714513e-04 2.339929448005901025e-01
1.791953352547330667e+02 -1.749163656782524612e+00 -1.469873287777867299e+00 9.724665966840774223e-01 1.406899806762319273e-02 9.370048761048780869e-05 2.326172238835287620e-01
1.805775707174488502e+02 -1.746126865389628691e+00 -1.493652722267855060e+00 9.725511909427361212e-01 1.565179586766585196e-02 2.191494638083157920e-03 2.321516737678916420e-01
1.819579379316335235e+02 -1.726797308171086343e+00 -1.506331056515997746e+00 9.723690385678760428e-01 1.696522524008646157e-02 4.151619892324500370e-03 2.327947551372393509e-01
1.833470853803477212e+02 -1.689208914468239175e+00 -1.507136007479585871e+00 9.717958521655101212e-01 1.742248736007976154e-02 4.233081926821547977e-03 2.351411483885771925e-01
1.847411988986052620e+02 -1.630351757943252267e+00 -1.513380581062279795e+00 9.713780733228815079e-01 1.753078379418075705e-02 3.487701844153196732e-03 2.368652490825421675e-01
1.861372338143540617e+02 -1.589915190638702125e+00 -1.528418616604110492e+00 9.710734073726809967e-01 1.715563514438278245e-02 1.515975343848016601e-03 2.381592397854026544e-01
1.875373965222418917e+02 -1.562841150124973932e+00 -1.555240654159794511e+00 9.709987726029308819e-01 1.690323433573378761e-02 4.958209919186037928e-04 2.384856776289449865e-01
1.889384784465025575e+02 -1.529882846713093159e+00 -1.616986175316426300e+00 9.709544615644024601e-01 1.682887762758928860e-02 2.703561836258990166e-04 2.386716349998692088e-01
1.903428697607728850e+02 -1.511593281332834771e+00 -1.676974097258857155e+00 9.711461342149519949e-01 1.700048503551393128e-02 1.496343839538090653e-04 2.378784292815617485e-01
1.917509995946025469e+02 -1.504953658572175890e+00 -1.734547265737427235e+00 9.714929353460243222e-01 1.708033168490362755e-02 -1.315099221297826926e-04 2.364523663392683883e-01
1.931599623826971310e+02 -1.511975197155824180e+00 -1.784431622331591472e+00 9.717938884055047355e-01 1.719842343040384192e-02 -7.559590111301272327e-05 2.352038413259395222e-01
1.945786540497631165e+02 -1.539081778933562017e+00 -1.833800753519746030e+00 9.722015008831900174e-01 1.724891565767739179e-02 -4.982959084976599671e-04 2.335090325668251476e-01
1.959973058388290212e+02 -1.573336914172573042e+00 -1.904967314486659680e+00 9.729398797519409614e-01 1.675052897374150127e-02 -1.209580965641430996e-03 2.304472761419977811e-01
1.974196505637295616e+02 -1.579636454599857576e+00 -1.956856822275814700e+00 9.733603905845875648e-01 1.679036145088319554e-02 -1.217657056512738744e-03 2.286616520421832222e-01
1.988411194999740701e+02 -1.560875575820800165e+00 -1.970518171627755777e+00 9.732864219525338978e-01 1.736033239716251383e-02 7.199109579542103520e-04 2.289358893448267263e-01
2.002650009940230404e+02 -1.513331353570430693e+00 -2.007577247057246161e+00 9.725118170853450650e-01 1.771002678930748767e-02 3.463570268934794590e-03 2.321532344411216808e-01
2.016980188590682417e+02 -1.439620697214765155e+00 -2.006007948879226621e+00 9.714746268004961216e-01 1.682964519037112583e-02 3.447093381874683816e-03 2.365204643848387578e-01
2.031360455674410730e+02 -1.381518345808305792e+00 -2.002276051815566671e+00 9.705611292149483038e-01 1.576067403955210347e-02 1.204939211433667589e-03 2.403356896765856121e-01
2.045746284977634559e+02 -1.369613656537471691e+00 -2.032807948432330925e+00 9.705450061622251656e-01 1.491585651415174192e-02 -1.703041915315738799e-05 2.404577051125219023e-01
2.060127768581010059e+02 -1.382320221510493941e+00 -2.084658757371210314e+00 9.708959575728725033e-01 1.502928038461916888e-02 -5.370538169645614401e-04 2.390290188930478121e-01
2.074606159633118523e+02 -1.401423212001687624e+00 -2.143740492905297668e+00 9.714172899608237710e-01 1.554082454588890695e-02 -8.733492527156027198e-04 2.368674076328051992e-01
2.089103331709405040e+02 -1.410439196245135918e+00 -2.199599502641395699e+00 9.718197868363458447e-01 1.614382420057941525e-02 -9.897472347537049960e-04 2.351695117440849858e-01
2.103661214777910118e+02 -1.412632936212744994e+00 -2.246175960331215915e+00 9.719039783167759960e-01 1.647009991445700164e-02 -1.005464553198895730e-03 2.347985983387975428e-01
2.118285738068796604e+02 -1.403343161061096911e+00 -2.291257681130936419e+00 9.718731360315534529e-01 1.658646759548192823e-02 -1.381724452410033888e-03 2.349161284170058761e-01
2.132900178109970284e+02 -1.386478517363109120e+00 -2.320797507057613007e+00 9.718019215642222930e-01 1.653983784654652553e-02 -2.153480578594436836e-03 2.352080388283801504e-01
2.147599690405189961e+02 -1.389925913306888638e+00 -2.357802674644945640e+00 9.719403641470605315e-01 1.678110515525940705e-02 -2.125482129681696957e-03 2.346184250589961051e-01
2.162332920758015575e+02 -1.389694590047208411e+00 -2.386914934617893280e+00 9.721003911618368853e-01 1.721377258026661125e-02 -1.922451061250073524e-03 2.339248163801258273e-01
2.177092404554606446e+02 -1.368912465865580685e+00 -2.417690672005685215e+00 9.722222893089979001e-01 1.731841530315974403e-02 -1.990962797517293725e-03 2.334093587011827620e-01
2.191906830038692533e+02 -1.373785034977589969e+00 -2.449937296532009423e+00 9.722898467294267544e-01 1.774773504991385836e-02 -2.113204491752337238e-03 2.330944148070517585e-01
2.206687223753462490e+02 -1.341886873677226699e+00 -2.481796892539329225e+00 9.723459100183778903e-01 1.797701888484039279e-02 -2.197140644758776087e-03 2.328420723055300845e-01
2.221552027372810016e+02 -1.305987291892525715e+00 -2.525588960942855454e+00 9.724315634054275792e-01 1.817406202447259186e-02 -2.295656670558820361e-03 2.324678212631967056e-01
2.236396027319833024e+02 -1.266798682591718350e+00 -2.565569748174926890e+00 9.724105009088451768e-01 1.859124279136732324e-02 -2.365245858837618405e-03 2.325222334008263947e-01
2.251298137923164973e+02 -1.239838764046746977e+00 -2.600322404262765730e+00 9.725159103374562131e-01 1.888244518945510209e-02 -2.498523608691655563e-03 2.320560595717181818e-01
2.266205210354378892e+02 -1.209759606224112716e+00 -2.639315036044276308e+00 9.725425620596861442e-01 1.904345051653333343e-02 -2.683595559645225986e-03 2.319291061718607716e-01
2.281121981444929645e+02 -1.182563818594899452e+00 -2.680460138615502697e+00 9.727406542042659199e-01 1.926937564904050715e-02 -2.776561580834712231e-03 2.310770467314758603e-01
2.296039059336535786e+02 -1.169633159600385053e+00 -2.717709372169367921e+00 9.730131930880995261e-01 1.927907464311344812e-02 -2.686573892479559699e-03 2.299270007592111309e-01
2.310990394699975070e+02 -1.151545818064333204e+00 -2.748926089509072579e+00 9.732453030685550566e-01 1.922872964305325644e-02 -2.793534923079045353e-03 2.289454786055938051e-01
2.325964510740563185e+02 -1.125361727005537826e+00 -2.782389907905024273e+00 9.735077444141865266e-01 1.909319910682064428e-02 -3.258736495586062130e-03 2.278321793556005170e-01
2.340927068074306021e+02 -1.088149098551123739e+00 -2.814096929816012782e+00 9.736391076365329411e-01 1.920423915306451040e-02 -3.446690824452224022e-03 2.272580154838295952e-01
2.355948553257126434e+02 -1.057417348300777604e+00 -2.837863301368464430e+00 9.737556903647719420e-01 1.933715199530309375e-02 -3.359904429124661081e-03 2.267479681875101682e-01
2.371015487958008521e+02 -1.024252743072596950e+00 -2.844512490216563716e+00 9.738648420389495186e-01 1.963967882982547639e-02 -3.096725235974640694e-03 2.262564092986671938e-01
2.386079205561835579e+02 -9.933928048505293873e-01 -2.858401737644320484e+00 9.738911078042523650e-01 1.957393808103723154e-02 -3.566815312606947362e-03 2.261420989473907073e-01
2.401189207799948235e+02 -9.532636154620366398e-01 -2.888942610498250296e+00 9.739204150004601157e-01 1.903428923721303678e-02 -4.887337713423162838e-03 2.260372425257411721e-01
2.416308299605013303e+02 -9.364311360783927896e-01 -2.917957420013788106e+00 9.740567253101831691e-01 1.892853459902621785e-02 -5.323332160436864378e-03 2.254481505593819990e-01
2.431483085850418320e+02 -9.289094242972231186e-01 -2.928560257393767685e+00 9.741723306425462692e-01 1.899240260806746294e-02 -4.629205396847520942e-03 2.249580612270568047e-01
2.446643865923244334e+02 -9.197676136053849483e-01 -2.933983671141236815e+00 9.743003539669029545e-01 1.916306649617929847e-02 -4.160102331604819716e-03 2.243976173915870342e-01
2.461866223322591338e+02 -9.430266001040625845e-01 -2.941444888050827711e+00 9.743427054867170867e-01 1.940335368196284202e-02 -4.639603011397057733e-03 2.241835770403659278e-01
2.477124560654943366e+02 -9.504429902642712591e-01 -2.960378645615967308e+00 9.744927368227022102e-01 1.970582084055104433e-02 -5.440085769363531103e-03 2.234859994980041009e-01
2.492341514192997352e+02 -9.702048787870660718e-01 -2.961300119378141638e+00 9.745180022845488788e-01 2.020902982964629946e-02 -6.126137603290667671e-03 2.233130734523666172e-01
2.507633327955355185e+02 -1.003953099274672134e+00 -2.952470268983116153e+00 9.745652723509001802e-01 2.081129819818664309e-02 -6.532994497244205313e-03 2.230397717399766611e-01
2.522922504794669010e+02 -1.017966772455966229e+00 -2.961930069512654917e+00 9.745340672393074666e-01 2.110629540267251053e-02 -6.950601414585449132e-03 2.231357551455251109e-01
2.538260857130931925e+02 -1.026381489694444760e+00 -2.994584698602640760e+00 9.745062219867881570e-01 2.150037116851700666e-02 -7.216863909798292703e-03 2.232112770985381633e-01
2.553585970494337118e+02 -1.049314181370256449e+00 -3.011370653816408449e+00 9.745931630773859711e-01 2.186487881763178945e-02 -7.791529639273137194e-03 2.227765374158292289e-01
2.568938536720404500e+02 -1.066814567296585192e+00 -3.050182310929028695e+00 9.747028424206973796e-01 2.213914559809419813e-02 -8.159113748857952167e-03 2.222558347311335281e-01
2.584323791469349771e+02 -1.095710263790756755e+00 -3.098614381220752723e+00 9.749030502196618375e-01 2.236645789804568574e-02 -8.934286929749927705e-03 2.213232087932746062e-01
2.599717839077541157e+02 -1.134265889315924092e+00 -3.139932361257132598e+00 9.751663866426507621e-01 2.259033759884360865e-02 -9.756953985852969205e-03 2.201022418295739969e-01
2.615074727781041588e+02 -1.157896318572682937e+00 -3.173311992065647846e+00 9.753287388529117141e-01 2.297588646854637276e-02 -9.767348913019432977e-03 2.193411924463448959e-01
2.630461425309033530e+02 -1.176232630507983767e+00 -3.210097542041813412e+00 9.755008721620044287e-01 2.328760449525047946e-02 -9.511150352349600351e-03 2.185526799355629046e-01
2.645850916175165821e+02 -1.185895362189043123e+00 -3.252842448020100363e+00 9.757401014908863024e-01 2.295160460804722760e-02 -1.061688134846513164e-02 2.174666871474873753e-01
2.661309124034527827e+02 -1.217484273947557316e+00 -3.314139507487084302e+00 9.759538639815020789e-01 2.286062930969874965e-02 -1.170660715991822531e-02 2.164587774980344381e-01
2.676723820548386357e+02 -1.236845556022809767e+00 -3.369074977038680530e+00 9.761498337724725527e-01 2.308186468538964142e-02 -1.129279488258718052e-02 2.155718031941083190e-01
2.692128566208356801e+02 -1.255812104961348652e+00 -3.409741247693045985e+00 9.762767545707562444e-01 2.310408290792882041e-02 -1.097315428359057349e-02 2.150104409623943558e-01
2.707523937649487493e+02 -1.271371444517996441e+00 -3.476661541512690246e+00 9.763247946974197289e-01 2.290062233770299993e-02 -1.098586277798123574e-02 2.148133319293993038e-01
2.722944353089022798e+02 -1.287308854542019709e+00 -3.530455940858540753e+00 9.763036310661998840e-01 2.271132326416563582e-02 -1.131073479864895363e-02 2.149127335475003453e-01
2.738420203427025967e+02 -1.264442818696821735e+00 -3.564260430823430248e+00 9.762902743289093577e-01 2.280320487672087004e-02 -1.163518397245121884e-02 2.149463574756747819e-01
2.753854709538622387e+02 -1.271190667206096858e+00 -3.599623798372847183e+00 9.762759631728483711e-01 2.258851783120404202e-02 -1.172049210745775352e-02 2.150293762672335907e-01
2.769329610147988774e+02 -1.274328420037138532e+00 -3.649490592413964229e+00 9.763090797620850303e-01 2.236065556741415050e-02 -1.172361338487088768e-02 2.149026261959315620e-01
2.784752607055008298e+02 -1.264602397790987709e+00 -3.708016761188217991e+00 9.763881296635774643e-01 2.237294227695112853e-02 -1.135328037336010010e-02 2.145618203005766056e-01
2.800259504301782840e+02 -1.278902729707485530e+00 -3.767045317429020823e+00 9.765615858074443434e-01 2.243943654960336986e-02 -1.118559474691579320e-02 2.137728310210252058e-01
2.815764633984723559e+02 -1.254130255864759125e+00 -3.837652189114064250e+00 9.767073088269901948e-01 2.235776167483614560e-02 -1.155749447175899620e-02 2.130947857136938350e-01
2.831304283730094085e+02 -1.238983929396863637e+00 -3.908711429233412193e+00 9.768227586860969147e-01 2.217849531299009164e-02 -1.221275879035821701e-02 2.125470794465628699e-01
2.846794186281278485e+02 -1.236757928149641472e+00 -4.008831807319429785e+00 9.769619280041926812e-01 2.240681419971084221e-02 -1.255932747057648437e-02 2.118621938931936899e-01
2.862230087054869045e+02 -1.245696493287127282e+00 -4.103271070712256829e+00 9.771339964070862028e-01 2.335528112920899277e-02 -1.158886549629255767e-02 2.110198618741867815e-01
2.877769684392665681e+02 -1.251253729344474319e+00 -4.186162371035816676e+00 9.774100189908118130e-01 2.440819661989897943e-02 -1.087347738827041874e-02 2.096560569209296176e-01
2.893307836893478679e+02 -1.250565559189587450e+00 -4.255868077122165971e+00 9.774813068695251683e-01 2.529665527277566092e-02 -1.157152600612698819e-02 2.091804812561268156e-01
2.908870333472684138e+02 -1.256370668455810691e+00 -4.335186208400935826e+00 9.776935549660304980e-01 2.601323488155996358e-02 -1.219848830482408650e-02 2.080620606260527583e-01
2.924456581683465970e+02 -1.227572334475445448e+00 -4.404976217791200632e+00 9.777910327059697870e-01 2.665487115821758499e-02 -1.209650295543049023e-02 2.075280434533639806e-01
2.940077603597046618e+02 -1.173275575109631319e+00 -4.460341743439484752e+00 9.778387118676797884e-01 2.714758499673625494e-02 -1.206605390969371465e-02 2.072410976250850800e-01
2.955754067074004183e+02 -1.137114965940056788e+00 -4.552084500847776383e+00 9.778989016925001554e-01 2.774916500551568091e-02 -1.264593368930360187e-02 2.068424576126099423e-01
2.971457758239208715e+02 -1.095130116849152291e+00 -4.637865093579067732e+00 9.780231255988076633e-01 2.847587119081899237e-02 -1.328909558165982524e-02 2.061147507882063190e-01
2.987215140416474810e+02 -1.053569687606550787e+00 -4.736803041777486456e+00 9.781320178106943652e-01 2.929718220507920509e-02 -1.450375520414257970e-02 2.053997856216020768e-01
3.003066311941825006e+02 -1.003056825256951168e+00 -4.817715600585046332e+00 9.780128287071396809e-01 2.988260455857053369e-02 -1.577286778782534607e-02 2.057890994946107166e-01
3.018883234658595711e+02 -9.368206299409900240e-01 -4.912307126515214506e+00 9.780921873424427426e-01 2.987591073814239995e-02 -1.617287187331976905e-02 2.053814529907984909e-01
3.034775912737440535e+02 -8.939545868863620903e-01 -5.019648932173216949e+00 9.781586004425318892e-01 2.985198580836967083e-02 -1.636261049515386548e-02 2.050533498906762231e-01
3.050690087571637150e+02 -8.376491795336149515e-01 -5.153081372172653829e+00 9.784751161558753463e-01 3.012193814224719060e-02 -1.670243899688913028e-02 2.034702544301161264e-01
3.066662513227483373e+02 -8.103831803535515022e-01 -5.255124226304085155e+00 9.788194529373058783e-01 3.044094242202808470e-02 -1.644323563340671299e-02 2.017806917865935801e-01
3.082660956137027597e+02 -7.683108525983874948e-01 -5.370918330335415547e+00 9.791137051145281101e-01 3.078807241741917181e-02 -1.551480301298208998e-02 2.003690044422764271e-01
3.098709978116232264e+02 -7.390299806475035815e-01 -5.483386431163586927e+00 9.792539326336052730e-01 3.132983590286333303e-02 -1.529256280983158287e-02 1.996154160545363654e-01
3.114827240968402862e+02 -6.872280208826757608e-01 -5.587464759208704557e+00 9.792648053386107110e-01 3.288658603313143053e-02 -1.535556052417551970e-02 1.993065985992599765e-01
3.130911076598916338e+02 -6.283645855338000352e-01 -5.696949172712837850e+00 9.792300834673753895e-01 3.416545355370137482e-02 -1.630300137642423305e-02 1.991867906314754855e-01
3.147130289198786386e+02 -5.702858760126376936e-01 -5.788268826717642312e+00 9.791481435772144692e-01 3.418954808206976087e-02 -1.860210181541224403e-02 1.993839249771337252e-01
3.163356136778009500e+02 -4.892684363027655081e-01 -5.903864459889293315e+00 9.793042118982940858e-01 3.387026478095986337e-02 -2.071485399292675653e-02 1.984614837845884716e-01
3.179614133312313129e+02 -4.359174215936287844e-01 -6.015912762469476149e+00 9.794458335752611600e-01 3.406352514481874455e-02 -2.129211091501287054e-02 1.976668443607899062e-01
3.195878457171401692e+02 -3.862261604970655959e-01 -6.110972796910444593e+00 9.796673955869796835e-01 3.446461253284139464e-02 -2.081325741043558650e-02 1.965471770917927574e-01
3.212148649561524394e+02 -3.552402033975918805e-01 -6.227170063027026359e+00 9.797885283673505308e-01 3.466193521162223845e-02 -2.093183181687230388e-02 1.958949931568361169e-01
3.228438079176228257e+02 -3.168907305838253308e-01 -6.338389093121831408e+00 9.798252604241241004e-01 3.489569541742609110e-02 -2.123954568424525971e-02 1.956364771080753573e-01
3.244672506771008784e+02 -2.697926168333402153e-01 -6.443316298800025876e+00 9.799116238782593635e-01 3.513007209883282911e-02 -2.151151822134953970e-02 1.951316017625443211e-01
3.260937785523548200e+02 -2.342645876126430160e-01 -6.545995509255517320e+00 9.798629930028773805e-01 3.535054251845342471e-02 -2.131600252339873811e-02 1.953573190937998305e-01
3.277184596612301561e+02 -1.463780118336579505e-01 -6.662050004374956202e+00 9.799374293845973805e-01 3.543689320719043551e-02 -2.129823076557931655e-02 1.949698603815102904e-01
3.293385520927077437e+02 -4.056156935260535334e-02 -6.785120835546541329e+00 9.801082524526062434e-01 3.495343249255984663e-02 -2.289220761714498911e-02 1.940155093328880531e-01
3.309620369495471550e+02 9.486397375988442349e-03 -6.898997700893197305e+00 9.802595967468673566e-01 3.519554028197708490e-02 -2.372191786561020713e-02 1.931053275875781183e-01
3.325775948226259970e+02 5.857348051469157824e-02 -7.009494693532127840e+00 9.805132926533910442e-01 3.578710447320398308e-02 -2.325814199508161734e-02 1.917603319624948399e-01
3.341929282427930730e+02 1.601534573840934783e-01 -7.109522480884198359e+00 9.804097045187387671e-01 3.610505572443728495e-02 -2.357600754834090345e-02 1.921910718652018457e-01
3.358019702625956597e+02 2.460243680366580588e-01 -7.213801147944508330e+00 9.803026244153660862e-01 3.665852839604753083e-02 -2.288828442046043909e-02 1.927149275392803784e-01
3.374055357086574531e+02 3.250309150620580567e-01 -7.319920568874072941e+00 9.802917096160114196e-01 3.770329729311433509e-02 -2.165372970987011411e-02 1.927115497861937587e-01
3.390118933491783082e+02 4.166311468707304400e-01 -7.434595617981653248e+00 9.802389309684936824e-01 3.831813831488031091e-02 -2.244498618447344704e-02 1.927682055864116950e-01
3.406113380884468143e+02 5.346583487203835361e-01 -7.567001533365900201e+00 9.801176011466004034e-01 3.873647854100220611e-02 -2.497212583450444945e-02 1.929905854806953924e-01
3.422174403161478153e+02 6.905229234484926426e-01 -7.697964199310543876e+00 9.797339486367949712e-01 3.938985557252279446e-02 -2.673872926639453071e-02 1.945632789704887233e-01
3.438191388554687933e+02 7.681252930014985658e-01 -7.817443200229455158e+00 9.797759073504765936e-01 4.064295585966940655e-02 -2.657552730183131151e-02 1.941161066557050840e-01
3.454120280734680364e+02 8.631671357042676185e-01 -7.947803210248061134e+00 9.799448667120392864e-01 4.207447211645146817e-02 -2.633788529012738577e-02 1.929873384429399430e-01
3.470084962478277362e+02 9.496863162766835398e-01 -8.079530884465416563e+00 9.801190308448279875e-01 4.319747472894855389e-02 -2.784846647836377448e-02 1.916380089325716574e-01
3.485995802721307086e+02 1.055688907538299581e+00 -8.224109941428411119e+00 9.803531674609389235e-01 4.391689540864417152e-02 -2.867750334308832166e-02 1.901488210559761083e-01
3.501904850380430503e+02 1.156461347354237112e+00 -8.356026200211376320e+00 9.804695425491901650e-01 4.452100319599704148e-02 -2.855717787425479659e-02 1.894250353033139489e-01
3.517777891278939251e+02 1.258830337053268078e+00 -8.489593523928295582e+00 9.806346076478595908e-01 4.511561217844751309e-02 -2.838986868457057250e-02 1.884525488741529975e-01
3.533703568103823045e+02 1.333474538272730214e+00 -8.625859528015370259e+00 9.807649113733182267e-01 4.544217500164479673e-02 -2.844484108135337391e-02 1.876861432441500332e-01
3.549570513045025564e+02 1.408065067801142600e+00 -8.748034035494351102e+00 9.809116120745040579e-01 4.576768512561758123e-02 -2.857015394726220014e-02 1.868193635549318943e-01
3.565461712580710127e+02 1.446844730920718192e+00 -8.873814286822000241e+00 9.810719821087265924e-01 4.652882315911682082e-02 -2.858844804373005671e-02 1.857835707890582444e-01
3.581325374705330091e+02 1.492535685236430432e+00 -9.007929796380011567e+00 9.812061245404535281e-01 4.725858677248646889e-02 -2.856201194777254274e-02 1.848928841628758868e-01
3.597203831001663730e+02 1.525017988964718629e+00 -9.122751302326264522e+00 9.813509198655104848e-01 4.757849593002091981e-02 -2.906526475026427470e-02 1.839615970499024478e-01
3.613076758547691725e+02 1.584559116186371241e+00 -9.241328092650574533e+00 9.813972434817386237e-01 4.791670296515591204e-02 -2.891094383616572144e-02 1.836507484054886175e-01
3.628892997721737288e+02 1.650786953274980817e+00 -9.353279492563958186e+00 9.817194672847679993e-01 4.830746365317439145e-02 -2.857025487264371055e-02 1.818708801485842130e-01
3.644827229710327856e+02 1.706090050502683031e+00 -9.479136712790660724e+00 9.819540979801930636e-01 4.853856031705096330e-02 -2.990227050230483477e-02 1.803219671616872744e-01
3.660755614261995561e+02 1.748763401800316863e+00 -9.610452960316949955e+00 9.821708643576917419e-01 4.892110666845241040e-02 -3.063063799385926447e-02 1.789102639461683242e-01
3.676685869203854509e+02 1.801170908542956806e+00 -9.736464829844779345e+00 9.822918809483360825e-01 4.992178329116764290e-02 -3.035079072978456513e-02 1.780149029662585480e-01
3.692681885505043056e+02 1.895590550244525829e+00 -9.862165662662427223e+00 9.823044379983716379e-01 5.092582873801666105e-02 -3.043741992379840958e-02 1.776460371762670631e-01
3.708487843090838965e+02 2.019923063644726735e+00 -9.986963493577290407e+00 9.822993955721763815e-01 5.120097601554681604e-02 -3.120127603952908835e-02 1.774622153786468148e-01
3.724816144252601475e+02 2.095525322777269661e+00 -1.014257858302320869e+01 9.823478139549627342e-01 5.134516995980509257e-02 -3.194517631277754566e-02 1.770196363402944673e-01
3.740832700808463755e+02 2.173581814014550417e+00 -1.030345207985379119e+01 9.825126341409237130e-01 5.139364561145558924e-02 -3.189005305864457684e-02 1.760983857397464547e-01
3.756322324599434523e+02 2.245568535865043902e+00 -1.044894294965379800e+01 9.827364187799340067e-01 5.154639606254394352e-02 -3.143245285337174094e-02 1.748831071435261730e-01
3.772305244123978696e+02 2.308439406192746013e+00 -1.061150581686102079e+01 9.829844374504838056e-01 5.186367306244015624e-02 -3.154440545971732429e-02 1.733686985324088548e-01
3.788299902499736618e+02 2.344082256018768629e+00 -1.076443936988596128e+01 9.831758115505866424e-01 5.245395882042739460e-02 -3.193651751936475713e-02 1.720289645223891384e-01
3.804378160472688251e+02 2.417810815114505019e+00 -1.090616554752508627e+01 9.832128154511768914e-01 5.278171326507658662e-02 -3.230242442978785433e-02 1.716484886427228629e-01
3.820441978730802361e+02 2.496266398321043134e+00 -1.105028160203069731e+01 9.832037606313573930e-01 5.343547041712724821e-02 -3.308957367830573509e-02 1.713478791682133684e-01
3.836573942798003714e+02 2.584250924025859319e+00 -1.119644949833559622e+01 9.832752397575283965e-01 5.414344036405960986e-02 -3.306889670268765152e-02 1.707183025225630091e-01
3.852608370949964183e+02 2.662740353431193974e+00 -1.134274233044441793e+01 9.833440980193238756e-01 5.436765564977395770e-02 -3.287982689811960735e-02 1.702864054845824315e-01
3.868705987109828470e+02 2.748596377689158210e+00 -1.148416707010515658e+01 9.834312828737138412e-01 5.444582087678082744e-02 -3.288866619842707728e-02 1.697554125502429845e-01
3.884805181108042120e+02 2.840819768203422413e+00 -1.163335672845390789e+01 9.834169027467322133e-01 5.455998432480879679e-02 -3.336485604142831046e-02 1.697091331774325529e-01
3.900918179173963267e+02 2.932356983151490848e+00 -1.179244514892878826e+01 9.834151030855187159e-01 5.473702149864338729e-02 -3.396327135732597757e-02 1.695437692734957646e-01
3.917151534069348600e+02 3.021266637297193469e+00 -1.192905426944964198e+01 9.834529897531674170e-01 5.519421547377243581e-02 -3.397682163860446525e-02 1.691726665721431100e-01
3.933317555441477111e+02 3.101514657271481124e+00 -1.205572413442481938e+01 9.834416948116002644e-01 5.569394126067073875e-02 -3.424818699522581833e-02 1.690197606804607622e-01
