-3.001409412531491280e-02 2.233338090419118238e+00 -3.082633762224352481e+00 9.552260767064477687e-01 -4.984377677275183757e-03 2.256580785745702575e-02 2.949730202491717690e-01
1.280128644125960502e+00 2.192812777128628099e+00 -3.032727828487074007e+00 9.554019739772993125e-01 -4.649668884558875830e-03 2.128761564863169628e-02 2.945034568889472459e-01
2.595346620658491421e+00 2.164383410848689238e+00 -3.004683084563253725e+00 9.556679364175428848e-01 -3.982735548387236063e-03 2.088284674509152672e-02 2.936781228365635821e-01
3.912472113167675403e+00 2.142938549600796883e+00 -2.978885340632534184e+00 9.558976488308803532e-01 -3.445386669654452051e-03 2.133966575492655601e-02 2.929034532670442004e-01
5.232110663820479957e+00 2.123923510854462293e+00 -2.937550491646489181e+00 9.558494970812332348e-01 -3.433124460649399339e-03 2.128752017055653492e-02 2.930644879049311147e-01
6.552834314912143299e+00 2.093182760041182089e+00 -2.897692755048814295e+00 9.559858312114739576e-01 -3.462098490643006517e-03 2.053086462231706183e-02 2.926731760766747015e-01
7.879783859048435701e+00 2.049572410166694336e+00 -2.860446491139669423e+00 9.561898997421407476e-01 -3.599370446558593228e-03 1.967543787768889774e-02 2.920630022920132629e-01
9.209360082667704006e+00 2.005009143661315552e+00 -2.810787816651630688e+00 9.561572692752370317e-01 -3.417733534976102969e-03 1.909930495510714019e-02 2.922102189517636894e-01
1.053981761805493456e+01 1.965384391613363979e+00 -2.767870482906690466e+00 9.560739315874227096e-01 -2.608793978969755831e-03 1.977727641794885596e-02 2.924460477941726588e-01
1.187432239474527051e+01 1.931050335094457449e+00 -2.724003159558723741e+00 9.557593471266001561e-01 -1.699313845155645377e-03 2.050304827350070414e-02 2.934293913773554086e-01
1.321170711950467336e+01 1.903077047007401656e+00 -2.667761973581758816e+00 9.553498007329154218e-01 -1.302371689156867074e-03 2.054580768832679066e-02 2.947591081781804068e-01
1.455019716963287379e+01 1.881591420008145610e+00 -2.619934441272588899e+00 9.550691264812013470e-01 -1.050047894341264373e-03 2.034131435053768144e-02 2.956824174217117518e-01
1.590020565057900015e+01 1.846328874008976273e+00 -2.571399437852983638e+00 9.549780744347668993e-01 -8.793036495815975033e-04 1.965669453987746451e-02 2.960231722918368891e-01
1.725187833008251914e+01 1.805751996905679890e+00 -2.539039236063457938e+00 9.553609183233219282e-01 -1.439046430459007880e-03 1.823842611263594773e-02 2.948742184368174368e-01
1.860407596392319007e+01 1.748476280203505429e+00 -2.518436214560156650e+00 9.560068938416914630e-01 -1.629448179545575810e-03 1.728121184195662713e-02 2.928301957501385222e-01
1.995582092863606150e+01 1.691692418594743286e+00 -2.497854358126334162e+00 9.564684439987168885e-01 -6.939775339006094054e-04 1.846915705347434988e-02 2.912499343649543881e-01
2.131068754290392420e+01 1.649828785073855109e+00 -2.472506106559229533e+00 9.566751759710280245e-01 5.910354708274616353e-06 1.954745332968153837e-02 2.905004384061995459e-01
2.267497280134110937e+01 1.620515969245787780e+00 -2.415584297079515608e+00 9.564975225404233061e-01 3.721923324396316803e-04 2.026503367621168908e-02 2.910355292004776495e-01
2.404086907541670826e+01 1.579361913333896972e+00 -2.361736003463615230e+00 9.561970419510045227e-01 -1.387691035264094900e-04 1.919002488819821634e-02 2.920940613091531080e-01
2.541722061347060801e+01 1.526836397167019577e+00 -2.328489471304997949e+00 9.561597291177998947e-01 -8.728616506809962292e-04 1.737151993698031818e-02 2.923286520698804569e-01
2.678741136298548042e+01 1.443867880816079197e+00 -2.317725073395374924e+00 9.565591619258249079e-01 -1.152927140032910386e-03 1.647145782216110493e-02 2.910703206649313812e-01
2.816089091802418665e+01 1.370114340307502232e+00 -2.296477262101847661e+00 9.572546720564636402e-01 -3.235259877168157974e-04 1.750977271575518412e-02 2.887157702939865400e-01
2.953596192686416799e+01 1.326611666738298556e+00 -2.248592678199086592e+00 9.574764325406229792e-01 2.540944165343322642e-04 1.871789660068125249e-02 2.879035548793305588e-01
3.091576242751299830e+01 1.293567655768523839e+00 -2.202323160213904174e+00 9.576978036858625476e-01 5.026857140543720568e-04 2.013585369709577216e-02 2.870700463619240694e-01
3.230121630574075198e+01 1.281875337092908573e+00 -2.144315769753588174e+00 9.574611096330876148e-01 4.867616726988296342e-04 2.043147998213618033e-02 2.878376994575069792e-01
3.368367241578894067e+01 1.253494662391907877e+00 -2.091437527993536438e+00 9.575578062307081861e-01 7.328613450493051164e-04 2.143525271300796356e-02 2.874422386880742808e-01
3.507687686853850551e+01 1.219196838041273656e+00 -2.045589725414830085e+00 9.576037788576110543e-01 8.258480298206331708e-04 2.091483531925265871e-02 2.873271486584998979e-01
3.647450576687511870e+01 1.190634218440745018e+00 -2.007904348123148441e+00 9.577241327591765607e-01 7.406451937333349920e-04 2.011316025835359692e-02 2.869832708709725844e-01
3.787278645145566713e+01 1.158420693815264579e+00 -1.967103765859387510e+00 9.576997239564842834e-01 7.644509696476559655e-04 1.901314051277059117e-02 2.871396086161405181e-01
3.926873581159463811e+01 1.129876714125615633e+00 -1.924687187891919393e+00 9.574858296529514812e-01 7.538301778284278026e-04 1.865173921900923487e-02 2.878757203689958355e-01
4.067187454050354489e+01 1.102627378879073694e+00 -1.884888095797429886e+00 9.573191237680940269e-01 7.779476608717944336e-04 1.862051169581964427e-02 2.884315631298201010e-01
4.207895965566984842e+01 1.067794821694954432e+00 -1.851611560176093629e+00 9.571040162411521557e-01 7.699747729621169313e-04 1.816909021540840871e-02 2.891732930176117988e-01
4.348698797841110775e+01 1.030703365850764719e+00 -1.823521966324868293e+00 9.570729045364677612e-01 8.672415337240332173e-04 1.787672147462429292e-02 2.892941861212739996e-01
4.489713758368322516e+01 9.915665222295140246e-01 -1.801880928331045073e+00 9.572381942350743911e-01 1.252241638424101420e-03 1.769387587967532344e-02 2.887566417328051860e-01
4.631055288348684940e+01 9.518959440321250742e-01 -1.773910318763048277e+00 9.573772466344707688e-01 1.822090866344197287e-03 1.760433646752415995e-02 2.882977192920759268e-01
4.772682368337393655e+01 9.129735565385603824e-01 -1.752486032147357875e+00 9.575736146806019811e-01 2.308012908280883575e-03 1.725917241274783215e-02 2.876622438061141040e-01
4.914974428536114459e+01 8.665900342101193754e-01 -1.733159840050264133e+00 9.576056453063712670e-01 2.897882289953811891e-03 1.624196807722533276e-02 2.876095075420497804e-01
5.057199909424939221e+01 8.063605762964176638e-01 -1.708317453942225006e+00 9.576414859571062976e-01 3.712156298494711463e-03 1.593620378290655504e-02 2.874978985635729400e-01
5.199827726229055713e+01 7.522884692498681414e-01 -1.701949078308447660e+00 9.577228677315130501e-01 4.457462830970863009e-03 1.536947954573132137e-02 2.872469647319715325e-01
5.342683854452474179e+01 6.881033804263254616e-01 -1.695869679032069754e+00 9.579042190712692140e-01 5.027667542180911699e-03 1.461939052870172770e-02 2.866714200354061881e-01
5.485321093985579211e+01 6.069282702186444833e-01 -1.695003324988602289e+00 9.583810139380061210e-01 5.282260075508079383e-03 1.401215561252708471e-02 2.850992622697300916e-01
5.628433167995736142e+01 5.314470115272305062e-01 -1.685137958148082316e+00 9.587277142393314522e-01 5.749767893935908182e-03 1.372782493965773835e-02 2.839360085318851645e-01
5.771366267495035629e+01 4.879931747782486617e-01 -1.669029667884191603e+00 9.591013660333614910e-01 6.331710990157301579e-03 1.388187886243362999e-02 2.826513268111892074e-01
5.914221583882365252e+01 4.430411151234137090e-01 -1.658729391337018910e+00 9.593725912474894146e-01 6.404530244631578308e-03 1.358885911957258275e-02 2.817420026606820560e-01
6.057241709235265148e+01 4.058998025117759312e-01 -1.650737963731910396e+00 9.596401751951662007e-01 6.075130703187157574e-03 1.325067041150738111e-02 2.808527134851563911e-01
6.199779102471614323e+01 3.667834594318848396e-01 -1.640208452197693401e+00 9.598345517504512925e-01 5.667563204667017303e-03 1.299210743238714272e-02 2.802083459460061321e-01
6.342205636858579254e+01 3.144395989306367767e-01 -1.631428339924094972e+00 9.601074940930341972e-01 5.722903663830318510e-03 1.325347246644003468e-02 2.792582919585916978e-01
6.484212145667498817e+01 2.616669693514497297e-01 -1.623713385171827506e+00 9.604270087657351684e-01 5.846556540605424290e-03 1.367842287294711474e-02 2.781342829599193767e-01
6.625954789951299517e+01 2.083572850673904853e-01 -1.594989001483513080e+00 9.604557027066563668e-01 5.841342888518174202e-03 1.382959361393708113e-02 2.780278119037644102e-01
6.767376709938449153e+01 1.744581743340578583e-01 -1.567651316044994969e+00 9.604073050683263890e-01 5.542509286366478424e-03 1.388315497706783808e-02 2.781983949811501211e-01
6.908720161074147370e+01 1.481478459601754949e-01 -1.532764892609592922e+00 9.601170493264882255e-01 5.262573288709422245e-03 1.295532515628163885e-02 2.792484851616453545e-01
7.050158474335079006e+01 1.135424691369677497e-01 -1.496082791102483434e+00 9.598975151001378769e-01 4.703085189663718836e-03 1.207838349509547486e-02 2.800513419829025463e-01
7.191216134830223439e+01 9.176586642626283208e-02 -1.470640925380272135e+00 9.595730434866861502e-01 4.460715667427754202e-03 1.155693062490759614e-02 2.811869726426949323e-01
7.331264309953319014e+01 8.134110526086546500e-02 -1.426321246537641141e+00 9.592073069672841790e-01 4.372587145816956428e-03 1.133274811813658051e-02 2.824425455952295771e-01
7.471584472553438161e+01 6.517192317474096441e-02 -1.391852476097087177e+00 9.590116456388960708e-01 4.290393030878692816e-03 1.134158925493333400e-02 2.831070900026868564e-01
7.611865745981290843e+01 3.960558190737062390e-02 -1.365768915390219940e+00 9.589867976707925346e-01 3.909792877700087564e-03 1.140572188629918049e-02 2.831941823573083661e-01
7.751511929601981876e+01 -1.199234592785858311e-02 -1.355642547518155716e+00 9.591778980506620034e-01 3.851517568786678395e-03 1.107935460948119774e-02 2.825600353995035285e-01
7.890900218397548826e+01 -7.547100499981906907e-02 -1.354495735178244731e+00 9.594573854348479314e-01 3.907078860145687775e-03 1.117465074501996884e-02 2.816050202855638895e-01
8.029959212037933014e+01 -1.287691206447654224e-01 -1.348693880644497689e+00 9.596978110253692185e-01 4.386767507118009661e-03 1.151665053466779422e-02 2.807636631482345879e-01
8.168546392462809536e+01 -1.752205356050553497e-01 -1.339919789936153016e+00 9.599105642975157560e-01 4.699250010557351302e-03 1.134404241397065152e-02 2.800373873272516412e-01
8.307241391465764480e+01 -2.064315578085613723e-01 -1.322170950597438166e+00 9.600065113867486399e-01 5.075546342836237922e-03 1.095409620385520526e-02 2.797172584963659170e-01
8.445943326546063190e+01 -2.445530761468850400e-01 -1.306259362924502510e+00 9.602239773559222424e-01 5.432980985333330133e-03 1.105956724740992866e-02 2.789589252931088392e-01
8.584229817182078648e+01 -2.630063951901049357e-01 -1.286996426459651399e+00 9.603366415239467102e-01 5.667668034494116602e-03 1.059254195695897606e-02 2.785842970098054150e-01
8.722777617072499368e+01 -2.832073488727773203e-01 -1.264636793693489691e+00 9.604390390346242423e-01 6.201676819341770362e-03 9.555666866050017277e-03 2.782572204519066505e-01
8.860672422970444018e+01 -3.379636076576848502e-01 -1.278126994716135556e+00 9.609112698897442906e-01 6.706181603665145076e-03 8.582696270611873957e-03 2.766421801748679132e-01
8.998441648334791410e+01 -3.838124878275879226e-01 -1.280440222208509837e+00 9.613212807990144659e-01 7.373367874988946344e-03 7.823738688973491326e-03 2.752195807751497969e-01
9.135356765035318460e+01 -4.312196945373263368e-01 -1.295629259808519951e+00 9.616634986325123258e-01 8.198815075238332847e-03 7.352458806425644228e-03 2.740110147033104626e-01
9.272005692869977622e+01 -4.770725484561109120e-01 -1.299534295582426724e+00 9.620695211474064035e-01 8.791575141630621551e-03 7.234880593580621244e-03 2.725666912675241971e-01
9.408314060328210360e+01 -5.022446938736835342e-01 -1.304661063886455086e+00 9.622760531059447731e-01 9.055668543974354501e-03 7.359266419973383919e-03 2.718246377424725080e-01
9.544176061789360688e+01 -5.160136686620266921e-01 -1.295801994954955960e+00 9.623335942025889045e-01 9.194568427253847070e-03 7.533792233072922166e-03 2.716114050535292646e-01
9.679602843563220915e+01 -5.222064845935787680e-01 -1.281368116202909135e+00 9.624880222763220194e-01 9.584163959657431356e-03 7.498602028542216379e-03 2.710511423023824196e-01
9.814887931431886159e+01 -5.279513740801724531e-01 -1.268942547267128518e+00 9.624847858710210424e-01 9.597799383455386107e-03 7.880547011844858327e-03 2.710513165299218152e-01
9.949984168319907951e+01 -5.294931975921257639e-01 -1.258016002772230468e+00 9.623915418081173678e-01 9.440804159565789958e-03 7.573982881808012831e-03 2.713964374422065395e-01
1.008461340999028835e+02 -5.385216816361775294e-01 -1.253828452275841165e+00 9.623507413384684295e-01 9.245368692334127864e-03 6.774198984021334406e-03 2.715689305336083659e-01
1.021924456241340522e+02 -5.524226234092051158e-01 -1.247144696216864190e+00 9.622774464364554081e-01 9.010598866410363464e-03 5.891628261214876434e-03 2.718569732492345792e-01
1.035337276043009922e+02 -5.859909378723893170e-01 -1.240003599250903754e+00 9.623035155469077395e-01 9.281612963987479967e-03 6.589233164517205310e-03 2.717395400620832846e-01
1.048735117244484627e+02 -5.997074323409701258e-01 -1.236176836083616282e+00 9.623637804020420683e-01 9.639294783723056578e-03 7.796973790036185355e-03 2.714815746345963232e-01
1.062107491469871263e+02 -6.214449043975189824e-01 -1.232028320775156560e+00 9.625577085432396318e-01 1.018182984203021280e-02 8.261285652231067922e-03 2.707595598024712946e-01
1.075565353189944062e+02 -6.333204773909546503e-01 -1.233233140042454767e+00 9.628845950968119016e-01 9.801640117880556363e-03 7.712716692744967829e-03 2.696251070977359610e-01
1.088987071268009288e+02 -6.543027522660267437e-01 -1.242772682559783126e+00 9.631757834275838093e-01 9.309051253470743137e-03 6.675948031541323498e-03 2.686283371152429211e-01
1.102380131971305701e+02 -6.708368661394912280e-01 -1.265688860564908369e+00 9.634515663742136971e-01 8.773660767451407078e-03 6.631048311258854258e-03 2.676567416040656622e-01
1.115710467267412440e+02 -6.988706750664945844e-01 -1.266499261227822748e+00 9.636717961769389884e-01 8.889825243896025408e-03 7.524165549058889693e-03 2.668352060599117337e-01
1.129006701835951816e+02 -7.145142764107363931e-01 -1.263880497458542917e+00 9.636123757587146121e-01 8.970821914873527980e-03 8.926620516264216834e-03 2.670037997575614441e-01
1.142253503806830679e+02 -7.263791337591740671e-01 -1.261297423292530917e+00 9.635446914805645413e-01 8.710587545246046767e-03 1.026777011276170173e-02 2.672083944810715872e-01
1.155578828379152867e+02 -7.430420892046583070e-01 -1.267038626812897695e+00 9.634010003790305365e-01 8.122225084592107902e-03 1.056978711324157820e-02 2.677327427281531724e-01
1.168917423240339133e+02 -7.572730172713435515e-01 -1.281174137773200883e+00 9.633561735920342928e-01 7.069087554685741723e-03 9.996597704489729869e-03 2.679458505698363302e-01
1.182267669349597412e+02 -7.921977758085452237e-01 -1.284592342175690849e+00 9.634555456644774418e-01 6.414637233021344351e-03 8.881022985114912088e-03 2.676441506707569196e-01
1.195613329860749303e+02 -8.236814510008989565e-01 -1.280643861594262800e+00 9.636621998527236110e-01 5.753219186188524188e-03 9.072366208827729525e-03 2.669077691176821587e-01
1.209048595851967463e+02 -8.701118342003240080e-01 -1.277601726037160157e+00 9.637753700901708909e-01 5.444454608637510663e-03 9.461475407131738485e-03 2.664917905014878574e-01
1.222692646560530392e+02 -9.169827774976528900e-01 -1.255025117884978281e+00 9.637482993811757881e-01 4.940914213381812463e-03 9.849927427460594340e-03 2.665854117094579312e-01
1.236255373266561151e+02 -9.589601380683627774e-01 -1.231894833896322261e+00 9.636448232288803428e-01 4.607115087025069611e-03 1.004617605285312854e-02 2.669578684014953240e-01
1.249855297608869478e+02 -9.981463893053845737e-01 -1.217343132855464694e+00 9.637477651772832221e-01 4.158881183749602028e-03 1.081294962454409057e-02 2.665633675948531622e-01
1.263400006114781604e+02 -1.021898283485715986e+00 -1.197105774468667949e+00 9.636874336415089948e-01 4.014762003496723589e-03 1.113883270507030898e-02 2.667701976111010453e-01
1.276967612079352250e+02 -1.034719339546219086e+00 -1.176308853860091874e+00 9.639591375779885674e-01 3.386877970583036628e-03 1.124169208071866197e-02 2.657911482662193015e-01
1.290548721570754367e+02 -1.052637165920375928e+00 -1.150366403467479648e+00 9.641581546397623992e-01 2.811401109309909045e-03 1.051841193185871874e-02 2.651047186978809367e-01
1.304134709839039203e+02 -1.056770641395285537e+00 -1.125982418236006311e+00 9.643320759478455351e-01 2.415850517108803896e-03 9.790485831123421634e-03 2.645032274880372292e-01
1.317631461463140283e+02 -1.060977813223477728e+00 -1.099148168946507909e+00 9.644699787421374682e-01 2.374107022287446928e-03 9.182426888234049289e-03 2.640221709581028198e-01
1.331177925038074932e+02 -1.095696974159446224e+00 -1.077116526834232424e+00 9.648454861982072028e-01 2.514218239507569515e-03 8.612737304245048076e-03 2.626645907344902220e-01
1.344702795547961784e+02 -1.131440890317769732e+00 -1.055128366338890622e+00 9.651294737578026695e-01 2.922543449174342788e-03 7.629366784299707049e-03 2.616454669705651215e-01
1.358247498796192190e+02 -1.138046856556957032e+00 -1.033736353280329201e+00 9.655693277958863341e-01 3.723195241298984590e-03 7.051418985342713074e-03 2.600236307093806154e-01
1.371716903763358744e+02 -1.155938574280722442e+00 -1.010577831121456605e+00 9.658945627190185235e-01 4.226194684794339247e-03 6.533982906931434277e-03 2.588187397691556479e-01
1.385242908576761067e+02 -1.184253634980539260e+00 -9.878944133232510083e-01 9.659767507325442981e-01 4.674972421310398356e-03 5.956167302943814190e-03 2.585180569092135894e-01
1.398755644181939601e+02 -1.205015515088696976e+00 -9.857684501001147126e-01 9.662140470401449077e-01 5.162517545267634143e-03 5.701218241274908990e-03 2.576262017448237573e-01
1.412271259282208575e+02 -1.220227441804913493e+00 -9.739103356438212344e-01 9.663076474238828650e-01 5.792627844412084372e-03 5.212685319043695864e-03 2.572718482549956054e-01
1.425775720329221485e+02 -1.233951358677220611e+00 -9.658404386809622544e-01 9.665034630571578411e-01 6.303345137028699280e-03 5.195541064276907282e-03 2.565235468561398169e-01
1.439263542230788744e+02 -1.250743156170722958e+00 -9.554080221940330908e-01 9.666872471364954533e-01 7.016634907262085663e-03 4.938886153461899409e-03 2.558166149056891880e-01
1.452750673560650796e+02 -1.285656220699290753e+00 -9.555940665443909410e-01 9.672175045432332974e-01 7.985812090683733211e-03 5.932256632772346140e-03 2.537544759046735932e-01
1.466185398803358169e+02 -1.334370975979174645e+00 -9.839034891436333474e-01 9.681460808805516516e-01 8.801336677154082688e-03 5.805275711256477691e-03 2.501639488860054050e-01
1.479704042187732682e+02 -1.404036735014318804e+00 -1.020895763428200098e+00 9.693503265843560479e-01 9.093560710746156905e-03 4.265451818663791236e-03 2.454772034735298036e-01
1.493186827422680949e+02 -1.466406660501331505e+00 -1.064764675063019084e+00 9.705113777535618880e-01 9.716925774352600659e-03 3.123970374126350778e-03 2.408391326455908144e-01
1.506642402409059969e+02 -1.497762457335795272e+00 -1.101033048196062847e+00 9.710791648781316177e-01 1.093075832414834060e-02 4.641396441878352375e-03 2.384622223772960570e-01
1.520087086199912676e+02 -1.522407850001185281e+00 -1.122975187094020777e+00 9.713171316609086059e-01 1.118252992337182179e-02 6.254497530463764415e-03 2.374423341091042861e-01
1.533558560071990939e+02 -1.519219294611418025e+00 -1.124477105660340870e+00 9.711772015855927309e-01 1.103157257981977370e-02 7.303282446405877891e-03 2.379911964596616580e-01
1.547039716159364673e+02 -1.538808631153983253e+00 -1.138091316649761264e+00 9.712960813897949519e-01 1.080761583428394186e-02 7.281410930201450901e-03 2.375165231550700751e-01
1.560535048823556394e+02 -1.548355902140206464e+00 -1.168240135421872328e+00 9.717683048183047845e-01 1.004746833485383427e-02 5.380006860320867175e-03 2.356617611255613087e-01
1.574030801713733183e+02 -1.593952439306159707e+00 -1.217285170750571410e+00 9.726074043385686263e-01 9.443221577711468848e-03 3.837089956551023411e-03 2.322303583356222778e-01
1.587521307453700672e+02 -1.627442070227267390e+00 -1.262263369510993050e+00 9.732931354594450690e-01 9.165838523045281502e-03 2.924350190246517798e-03 2.293641385388230369e-01
1.600988930420842564e+02 -1.664782033059896804e+00 -1.302536089568968158e+00 9.737612998527864772e-01 9.139248603052770037e-03 2.770617916896326183e-03 2.273713454249279287e-01
1.614501818367120904e+02 -1.687077788063679140e+00 -1.323338894435214241e+00 9.737189213387477116e-01 8.587784321702833859e-03 2.334204180820538543e-03 2.275791371769207150e-01
1.628009708512498435e+02 -1.706616086237133345e+00 -1.335002728716430553e+00 9.735454699003287526e-01 8.081391102903918294e-03 2.671281326869853843e-03 2.283347836192786140e-01
1.641527504154062171e+02 -1.728948375309249386e+00 -1.332430417338682949e+00 9.733437585593550656e-01 8.312122571508890473e-03 3.617338604620917459e-03 2.291718812448932663e-01
1.655050423989110300e+02 -1.744847285163579009e+00 -1.338966781127738370e+00 9.731783156795684731e-01 8.295530430693720883e-03 3.861323314664938909e-03 2.298700507856798747e-01
1.668644585048508873e+02 -1.756897542227838560e+00 -1.353514601022345776e+00 9.730602482940552411e-01 8.175566599448473928e-03 3.092594546087160893e-03 2.303852190563945301e-01
1.682265157930602868e+02 -1.774538461295085412e+00 -1.370281923867954887e+00 9.729391434710535913e-01 8.799469399053612070e-03 3.079960778794439604e-03 2.308733555040702046e-01
1.695878509214633993e+02 -1.774621371771967659e+00 -1.385829204340415455e+00 9.728025202182905007e-01 9.832651195882941356e-03 4.171234001477249105e-03 2.313896636289256015e-01
1.709486755166122691e+02 -1.781945121665962972e+00 -1.376759199522361587e+00 9.725615478474027853e-01 1.131727347881680661e-02 5.141617380065389119e-03 2.323134062863933813e-01
1.723143459501196730e+02 -1.773442566694988010e+00 -1.373626872042413183e+00 9.720877221491225351e-01 1.248736961090771320e-02 5.398395648330003675e-03 2.342229351954143723e-01
1.736843347353297702e+02 -1.751225202390143565e+00 -1.371579862929962479e+00 9.718353170151583509e-01 1.289549555706011146e-02 4.006102691901989796e-03 2.352738275661074852e-01
1.750614711315689362e+02 -1.718320636299471182e+00 -1.382223730756492852e+00 9.717361762163978511e-01 1.302024099480889388e-02 2.550021279066681627e-03 2.356963609143068461e-01
1.764421436162009797e+02 -1.712774956690861661e+00 -1.400806991318239048e+00 9.717293486174469752e-01 1.289347358568060202e-02 1.152067136066191409e-03 2.357424529348106923e-01
1.778189700867433487e+02 -1.732370499940573794e+00 -1.446730753691795046e+00 9.721490050987332543e-01 1.316512463258424220e-02 4.719263249819385573e-04 2.339930953350875809e-01
1.791953352301871689e+02 -1.749164522953629675e+00 -1.469873324782092538e+00 9.724665618325045724e-01 1.406899734942198416e-02 9.370816531751239686e-05 2.326173696223676479e-01
1.805775706889423304e+02 -1.746127588517936147e+00 -1.493652870140067535e+00 9.725511555598996827e-01 1.565179614723454307e-02 2.191501950810641371e-03 2.321518219090018265e-01
1.819579379023600154e+02 -1.726797990178188247e+00 -1.506331235247507117e+00 9.723690032613218071e-01 1.696522469121037463e-02 4.151626303490367660e-03 2.327949025361089330e-01
1.833470854707800584e+02 -1.689209592206043276e+00 -1.507136172947369346e+00 9.717958162871854766e-01 1.742248659329189223e-02 4.233087926644633382e-03 2.351412966159602547e-01
1.847411991074317825e+02 -1.630352394560224738e+00 -1.513380921083397057e+00 9.713780367801509996e-01 1.753078256984533928e-02 3.487707394185874960e-03 2.368653989521497805e-01
1.861372340196105597e+02 -1.589915711863612913e+00 -1.528418946565235137e+00 9.710733703218565882e-01 1.715563316343031788e-02 1.515980840830788564e-03 2.381593909645441376e-01
1.875373967293378996e+02 -1.562841705038616968e+00 -1.555240955928200774e+00 9.709987358236387145e-01 1.690323410444017141e-02 4.958261541880641101e-04 2.384858273821125474e-01
1.889384786522902857e+02 -1.529883300696118553e+00 -1.616986294993493667e+00 9.709544247098595982e-01 1.682887756801716359e-02 2.703613992986042677e-04 2.386717849282984361e-01
1.903428698506643570e+02 -1.511593814564041072e+00 -1.676974201642437823e+00 9.711460975264483153e-01 1.700048639199938996e-02 1.496389175733799136e-04 2.378785789636803094e-01
1.917509996813878672e+02 -1.504954091732267685e+00 -1.734547439955596904e+00 9.714928987586570752e-01 1.708033343533965631e-02 -1.315060986106048274e-04 2.364525165384906702e-01
1.931599624673526989e+02 -1.511975504672353754e+00 -1.784431640469098745e+00 9.717938522973313953e-01 1.719842401306954580e-02 -7.559372399232174792e-05 2.352039904724573249e-01
1.945786541274488570e+02 -1.539081846255419883e+00 -1.833800703248108510e+00 9.722014647172595447e-01 1.724891570638859006e-02 -4.982940196936554893e-04 2.335091831419893182e-01
1.959973059211847612e+02 -1.573337086271729746e+00 -1.904967172123766650e+00 9.729398440889081012e-01 1.675052762070255302e-02 -1.209578207553557239e-03 2.304474268227771072e-01
1.974196506464401466e+02 -1.579636634219885316e+00 -1.956856704091338939e+00 9.733603550096996404e-01 1.679036013238376784e-02 -1.217654593775410873e-03 2.286618035862278409e-01
1.988411195796528261e+02 -1.560875609360114602e+00 -1.970517926620189320e+00 9.732863860908435027e-01 1.736032954952322627e-02 7.199140203629386496e-04 2.289360420116514916e-01
2.002650010760992529e+02 -1.513331416671454210e+00 -2.007576869401343167e+00 9.725117805334370091e-01 1.771002474865396650e-02 3.463573185474288444e-03 2.321533876726226409e-01
2.016980189442155904e+02 -1.439620826868297954e+00 -2.006007479789684744e+00 9.714745896783274492e-01 1.682964265001121729e-02 3.447096440399375575e-03 2.365206169950707926e-01
2.031360456492178628e+02 -1.381518360721226912e+00 -2.002275525608019358e+00 9.705610916223540441e-01 1.576067095386827696e-02 1.204942939140380125e-03 2.403358416724853952e-01
2.045746285778719198e+02 -1.369613623611000808e+00 -2.032807531985236782e+00 9.705449688978560197e-01 1.491585236267708309e-02 -1.702648414544297021e-05 2.404578557782073578e-01
2.060127769408545930e+02 -1.382320283724628673e+00 -2.084658396813146020e+00 9.708959204990250669e-01 1.502927489721728703e-02 -5.370493668493429504e-04 2.390291698358010530e-01
2.074606160452604229e+02 -1.401423226047172843e+00 -2.143740085067437739e+00 9.714172531656398712e-01 1.554081936841656027e-02 -8.733451618129635082e-04 2.368675588883153160e-01
2.089103332598489260e+02 -1.410439390543797078e+00 -2.199598944603932349e+00 9.718197507099838317e-01 1.614381971814684430e-02 -9.897428285163645083e-04 2.351696613596792884e-01
2.103661215678932592e+02 -1.412633140260620479e+00 -2.246175339289361972e+00 9.719039418448048862e-01 1.647009531931861379e-02 -1.005460641573594936e-03 2.347987496465876733e-01
2.118285738991228868e+02 -1.403343458728824711e+00 -2.291257176680411067e+00 9.718730992397252022e-01 1.658646220600655530e-02 -1.381720239502099486e-03 2.349162810339877616e-01
2.132900179104101142e+02 -1.386479036238930540e+00 -2.320797011208298066e+00 9.718018847179108466e-01 1.653983343144027965e-02 -2.153475906703856708e-03 2.352081914183599964e-01
2.147599691423116610e+02 -1.389926443969044634e+00 -2.357802027503757891e+00 9.719403274081305222e-01 1.678110126618754736e-02 -2.125478264084273636e-03 2.346185775683993224e-01
2.162332921797106451e+02 -1.389695187563478207e+00 -2.386914302651413244e+00 9.721003540209861571e-01 1.721376671159699154e-02 -1.922446913683038047e-03 2.339249711889177241e-01
2.177092405609701018e+02 -1.368913056695425290e+00 -2.417689907420300433e+00 9.722222521401181483e-01 1.731841018573027774e-02 -1.990959239301372165e-03 2.334095139310792821e-01
2.191906831038818382e+02 -1.373785450616261894e+00 -2.449936511977140796e+00 9.722898098252893417e-01 1.774772933026727909e-02 -2.113200078373031129e-03 2.330945692180554640e-01
2.206687225908445384e+02 -1.341887093893047389e+00 -2.481795922730436921e+00 9.723458732743546218e-01 1.797701344990212252e-02 -2.197137095581256500e-03 2.328422262012152799e-01
2.221552029524839327e+02 -1.305987522711803184e+00 -2.525588077272529208e+00 9.724315270069069372e-01 1.817405871678519358e-02 -2.295652596321163912e-03 2.324679738199026124e-01
2.236396029502864735e+02 -1.266798966017865347e+00 -2.565568802897195688e+00 9.724104643988173979e-01 1.859124034990163737e-02 -2.365241555302713666e-03 2.325223863250880652e-01
2.251298140093713869e+02 -1.239838993549047252e+00 -2.600321442952427287e+00 9.725158739391799312e-01 1.888244356713956670e-02 -2.498519606836750381e-03 2.320562122870688526e-01
2.266205212538376088e+02 -1.209759793390368987e+00 -2.639313900004449653e+00 9.725425257587113625e-01 1.904345140122543426e-02 -2.683593500498637069e-03 2.319292583429688470e-01
2.281121983633516379e+02 -1.182563983612018088e+00 -2.680458946651698149e+00 9.727406180181310535e-01 1.926937778391343489e-02 -2.776558914565404462e-03 2.310771989143869665e-01
2.296039061520667701e+02 -1.169633276450857018e+00 -2.717708131327725596e+00 9.730131567219001409e-01 1.927907583304947284e-02 -2.686571514696488566e-03 2.299271545829305874e-01
2.310990396813937480e+02 -1.151545738101968475e+00 -2.748924876429849729e+00 9.732452670106053194e-01 1.922873173162242474e-02 -2.793535012727933493e-03 2.289456317110713235e-01
2.325964512857446778e+02 -1.125361614946753797e+00 -2.782388625340566524e+00 9.735077085636399952e-01 1.909320181530592409e-02 -3.258737869610212664e-03 2.278323322952827412e-01
2.340927070152082479e+02 -1.088148879634011301e+00 -2.814095683063148279e+00 9.736390715578756572e-01 1.920424093669585719e-02 -3.446690932048308408e-03 2.272581699028268787e-01
2.355948556566847003e+02 -1.057417249317202934e+00 -2.837862119887032630e+00 9.737556544589862639e-01 1.933715490727299507e-02 -3.359903632918094258e-03 2.267481221461839780e-01
2.371015491285758401e+02 -1.024252722157715567e+00 -2.844511418770622413e+00 9.738648064263569770e-01 1.963968359415926845e-02 -3.096724424887739927e-03 2.262565621817670125e-01
2.386079208901153947e+02 -9.933927717748733954e-01 -2.858400607830800411e+00 9.738910723118743284e-01 1.957394269493951261e-02 -3.566815678603607858e-03 2.261422513917238919e-01
2.401189211170365638e+02 -9.532636212475029680e-01 -2.888941407934372485e+00 9.739203791940651556e-01 1.903429381192692227e-02 -4.887338363110796391e-03 2.260373964044314621e-01
2.416308302906157053e+02 -9.364309541283200033e-01 -2.917956276422120965e+00 9.740566892622039008e-01 1.892853835094907011e-02 -5.323332201318364820e-03 2.254483059899217434e-01
2.431483089157152051e+02 -9.289092457134899838e-01 -2.928559134025980004e+00 9.741722941893488086e-01 1.899240772229024432e-02 -4.629205638753610720e-03 2.249582186494312741e-01
2.446643869242475375e+02 -9.197674610419368513e-01 -2.933982584610640654e+00 9.743003181505596189e-01 1.916307177292067565e-02 -4.160100939874181863e-03 2.243977724758293990e-01
2.461866225425630148e+02 -9.430263035426484919e-01 -2.941443703202627713e+00 9.743426698888429938e-01 1.940335776822546543e-02 -4.639602612306207956e-03 2.241837314097503420e-01
2.477124562781248756e+02 -9.504426970305210887e-01 -2.960377386546503953e+00 9.744927013120702197e-01 1.970582555555090015e-02 -5.440086430953456308e-03 2.234861539073557390e-01
2.492341516263115864e+02 -9.702044993206864198e-01 -2.961299051357982215e+00 9.745179669880162932e-01 2.020903340199906376e-02 -6.126137645979438592e-03 2.233132271587217610e-01
2.507633327639468632e+02 -1.003952650602686791e+00 -2.952469124481296614e+00 9.745652368527500942e-01 2.081130136537021405e-02 -6.532994832467213520e-03 2.230399265426300792e-01
2.522922504606124505e+02 -1.017966599962942809e+00 -2.961928859460559504e+00 9.745340318989098582e-01 2.110629957590320904e-02 -6.950601015525807898e-03 2.231359091105459824e-01
2.538260857024091592e+02 -1.026381482922846811e+00 -2.994583444098425140e+00 9.745061860586931024e-01 2.150037619416563309e-02 -7.216864901523004604e-03 2.232114334388860810e-01
2.553585970350181640e+02 -1.049313894675405479e+00 -3.011369148505088411e+00 9.745931268943969217e-01 2.186488478520600895e-02 -7.791531017247940033e-03 2.227766950736518592e-01
2.568938536550979279e+02 -1.066814229104633416e+00 -3.050180867863561573e+00 9.747028057909391530e-01 2.213915056814442020e-02 -8.159114483338428606e-03 2.222559948488219417e-01
2.584323791268365085e+02 -1.095709809087674902e+00 -3.098612915869416007e+00 9.749030142467081106e-01 2.236646173611122820e-02 -8.934289084178106966e-03 2.213233667750653944e-01
2.599717838902813014e+02 -1.134265362173166647e+00 -3.139930721384012635e+00 9.751663512872500439e-01 2.259034253779509949e-02 -9.756957289780644055e-03 2.201023978187930663e-01
2.615074728838931151e+02 -1.157895808262792592e+00 -3.173310277185789285e+00 9.753287038322419056e-01 2.297589163661035300e-02 -9.767352958224227374e-03 2.193413474486998194e-01
2.630461426308604018e+02 -1.176232007935801072e+00 -3.210095903140427254e+00 9.755008372708284803e-01 2.328760925143164712e-02 -9.511153812555321260e-03 2.185528350134563480e-01
2.645850917216346829e+02 -1.185894830583595017e+00 -3.252840821817370998e+00 9.757400665888652513e-01 2.295160576385860476e-02 -1.061688480018094065e-02 2.174668434570124764e-01
2.661309125056253606e+02 -1.217483685017376249e+00 -3.314137867342526356e+00 9.759538293424286914e-01 2.286063065036998340e-02 -1.170661164866003065e-02 2.164589332918012421e-01
2.676723821489476904e+02 -1.236844820297363867e+00 -3.369073407764461514e+00 9.761497992368732834e-01 2.308186533084211067e-02 -1.129279881626044785e-02 2.155719593025873793e-01
2.692128567147021272e+02 -1.255811342985448942e+00 -3.409739658773431437e+00 9.762767201728650424e-01 2.310408499675225755e-02 -1.097315818111041334e-02 2.150105967260887707e-01
2.707523938528007648e+02 -1.271370665739999684e+00 -3.476660123387747880e+00 9.763247608390079879e-01 2.290062266441138944e-02 -1.098586646085427179e-02 2.148134855923632125e-01
2.722944354047936031e+02 -1.287308156078390997e+00 -3.530454368124323228e+00 9.763035971774478572e-01 2.271132392015874635e-02 -1.131073763911550484e-02 2.149128872781443378e-01
2.738420204340108057e+02 -1.264441994548655135e+00 -3.564258861974227699e+00 9.762902404285399571e-01 2.280320455064673360e-02 -1.163518706680662616e-02 2.149465113188059884e-01
2.753854710413506837e+02 -1.271189784767169151e+00 -3.599622282425638087e+00 9.762759290027543946e-01 2.258851738320679509e-02 -1.172049569537941989e-02 2.150295312576665785e-01
2.769329611000900968e+02 -1.274327625709447354e+00 -3.649489250490210335e+00 9.763090456984026000e-01 2.236065508397501803e-02 -1.172361823005293666e-02 2.149027807341864771e-01
2.784752606582055705e+02 -1.264601474364337008e+00 -3.708015668775573204e+00 9.763880956168070613e-01 2.237294138312408837e-02 -1.135328579867433442e-02 2.145619750403735815e-01
2.800259503837535817e+02 -1.278901841721924004e+00 -3.767044230708731511e+00 9.765615517101937648e-01 2.243943603645254595e-02 -1.118559904838445536e-02 2.137729866135416046e-01
2.815764633530990295e+02 -1.254129362073022502e+00 -3.837651059172194401e+00 9.767072746370201175e-01 2.235776076575063387e-02 -1.155749851396272593e-02 2.130949422974784957e-01
2.831304283267229494e+02 -1.238983161869950056e+00 -3.908710474924478095e+00 9.768227243088415390e-01 2.217849346039687045e-02 -1.221276169190817912e-02 2.125472374639029438e-01
2.846794185966498389e+02 -1.236757385909969198e+00 -4.008830648626991788e+00 9.769618934591569603e-01 2.240681150726822612e-02 -1.255932954731345773e-02 2.118623533525924862e-01
2.862230086711647914e+02 -1.245696007905360947e+00 -4.103270039932876756e+00 9.771339620698624717e-01 2.335527776800493810e-02 -1.158886659933305689e-02 2.110200211851347984e-01
2.877769683992877958e+02 -1.251253194704732952e+00 -4.186161434601652687e+00 9.774099851317942234e-01 2.440819362346310570e-02 -1.087347749366145838e-02 2.096562151139341745e-01
2.893307836524440972e+02 -1.250565069739447477e+00 -4.255867094317103749e+00 9.774812727494047726e-01 2.529665341114195609e-02 -1.157152603518485715e-02 2.091806409197978223e-01
2.908870333132120436e+02 -1.256370237300060921e+00 -4.335185207762112469e+00 9.776935208721788673e-01 2.601323204594753816e-02 -1.219848895486342656e-02 2.080622211510396447e-01
2.924456581348277382e+02 -1.227571932123006082e+00 -4.404975236986973464e+00 9.777909987529171953e-01 2.665486855328581470e-02 -1.209650382327996827e-02 2.075282037108046318e-01
2.940077603252650533e+02 -1.173275254344005258e+00 -4.460340908222766743e+00 9.778386778965519888e-01 2.714758219517343293e-02 -1.206605540138784571e-02 2.072412581932711884e-01
2.955754066731224157e+02 -1.137114627651578669e+00 -4.552083628115869196e+00 9.778988676338307151e-01 2.774916167656647087e-02 -1.264593510393524980e-02 2.068426189934420012e-01
2.971457757856218223e+02 -1.095129956280711525e+00 -4.637864566481084694e+00 9.780230921734904825e-01 2.847586821630713680e-02 -1.328909487462086661e-02 2.061149098492026654e-01
2.987215139915721238e+02 -1.053569462535395740e+00 -4.736802736686819060e+00 9.781319849242866571e-01 2.929718152719469962e-02 -1.450375570703045687e-02 2.053999422907140104e-01
3.003066311509699062e+02 -1.003056784363047793e+00 -4.817715363240463233e+00 9.780127958305391278e-01 2.988260354865446625e-02 -1.577286812880855649e-02 2.057892558611293388e-01
3.018883234265852025e+02 -9.368205481780442767e-01 -4.912306752488785122e+00 9.780921541650907658e-01 2.987590797252942867e-02 -1.617287187906187723e-02 2.053816113937488030e-01
3.034775913468330373e+02 -8.939544042262732582e-01 -5.019648597405178769e+00 9.781585673781882928e-01 2.985198432352328263e-02 -1.636261223481610613e-02 2.050535076936055856e-01
3.050690088329489527e+02 -8.376491432851640440e-01 -5.153081137395322031e+00 9.784750829752408841e-01 3.012193631209500108e-02 -1.670244185071647139e-02 2.034704140302191488e-01
3.066662513885218573e+02 -8.103830324491338999e-01 -5.255124071932176122e+00 9.788194203529927417e-01 3.044094180671970754e-02 -1.644323854543678493e-02 2.017808497055382788e-01
3.082660957941045012e+02 -7.683107580352670496e-01 -5.370918339312709122e+00 9.791136728870050154e-01 3.078807187737603659e-02 -1.551480539369484192e-02 2.003691618223432669e-01
3.098709979937982553e+02 -7.390299652462677393e-01 -5.483386485927846721e+00 9.792539005403675390e-01 3.132983569526778117e-02 -1.529256528400460037e-02 1.996155733373969343e-01
3.114827242640929512e+02 -6.872278271338458921e-01 -5.587464926414106081e+00 9.792647732627763890e-01 3.288658547176999403e-02 -1.535556203982144791e-02 1.993067561751291072e-01
3.130911078226703239e+02 -6.283643775813154697e-01 -5.696949418200411230e+00 9.792300514776084430e-01 3.416545196625136310e-02 -1.630300388046379903e-02 1.991869479649099051e-01
3.147130289620154713e+02 -5.702856098408868313e-01 -5.788269013357345116e+00 9.791481112992742597e-01 3.418954637180924433e-02 -1.860210360992300277e-02 1.993840836156176577e-01
3.163356137088021569e+02 -4.892681390129300922e-01 -5.903864829675879555e+00 9.793041799534825120e-01 3.387026380636005973e-02 -2.071485575817887809e-02 1.984616413976322824e-01
3.179614133548087693e+02 -4.359171367517111761e-01 -6.015913278449826151e+00 9.794458013988628364e-01 3.406352380743307706e-02 -2.129211228818400983e-02 1.976670038784096028e-01
3.195878457491070890e+02 -3.862259621763231010e-01 -6.110973251465070533e+00 9.796673638396875550e-01 3.446461269409795830e-02 -2.081325907642590095e-02 1.965473351278534120e-01
3.212148649844272086e+02 -3.552400359322169798e-01 -6.227170611369338360e+00 9.797884964772712868e-01 3.466193525261427461e-02 -2.093183265256301842e-02 1.958951525616623446e-01
3.228438078314467248e+02 -3.168906194448348757e-01 -6.338389602866129735e+00 9.798252281143194908e-01 3.489569550521672697e-02 -2.123954624804914870e-02 1.956366388514843291e-01
3.244672505873330692e+02 -2.697924270365894550e-01 -6.443316786149523523e+00 9.799115919221603743e-01 3.513007214956964663e-02 -2.151151973106661328e-02 1.951317620640044825e-01
3.260937784674082991e+02 -2.342645552518556329e-01 -6.545996077069847985e+00 9.798629606796808167e-01 3.535054380488586445e-02 -2.131600504061004209e-02 1.953574807112786471e-01
3.277184595794074653e+02 -1.463778315306325517e-01 -6.662050355005176172e+00 9.799373973825998840e-01 3.543689437688116173e-02 -2.129823233499074375e-02 1.949700208425466652e-01
3.293385520211857056e+02 -4.056151027627796779e-02 -6.785121137393834267e+00 9.801082205116502521e-01 3.495343567934914436e-02 -2.289221027604283754e-02 1.940156698011100134e-01
3.309620368879246826e+02 9.486394905092510044e-03 -6.898997897248396072e+00 9.802595653606005488e-01 3.519554329653394598e-02 -2.372192207753966164e-02 1.931054858466097757e-01
3.325775946412283020e+02 5.857356459116980218e-02 -7.009494804948396052e+00 9.805132615614772229e-01 3.578710619025454731e-02 -2.325814724048042362e-02 1.917604899856638623e-01
3.341929280648153053e+02 1.601536310523470341e-01 -7.109522450382697478e+00 9.804096730128530890e-01 3.610505822641377205e-02 -2.357601219497003700e-02 1.921912315436908603e-01
3.358019700592178651e+02 2.460244753977316456e-01 -7.213801611491130750e+00 9.803025927490499614e-01 3.665853245508626096e-02 -2.288828889672001737e-02 1.927150873157310873e-01
3.374055355026928851e+02 3.250309868623575404e-01 -7.319921117926861065e+00 9.802916779374759582e-01 3.770330188301996427e-02 -2.165373478060809292e-02 1.927117094618196191e-01
3.390118931420896615e+02 4.166312080717406996e-01 -7.434596198732822181e+00 9.802388996733640836e-01 3.831814329897306054e-02 -2.244499184739544989e-02 1.927683630740328891e-01
3.406113378784734209e+02 5.346585492671802609e-01 -7.567001999508696564e+00 9.801175698136138648e-01 3.873648180078925751e-02 -2.497213105390180127e-02 1.929907432779608967e-01
3.422174401053129600e+02 6.905230957201022868e-01 -7.697964711461868781e+00 9.797339173921234545e-01 3.938985809163612212e-02 -2.673873551923026601e-02 1.945634349353372317e-01
3.438191386505495757e+02 7.681253547471840193e-01 -7.817443734899828023e+00 9.797758763677806293e-01 4.064295847116294880e-02 -2.657553450398305803e-02 1.941162615039924155e-01
3.454120278532082580e+02 8.631672552336253634e-01 -7.947803908361600556e+00 9.799448360281384218e-01 4.207447483506571856e-02 -2.633789348878318171e-02 1.929874925369820249e-01
3.470084960440862005e+02 9.496862781230743789e-01 -8.079531502871912352e+00 9.801190004179211046e-01 4.319747694511457542e-02 -2.784847733263279279e-02 1.916381624718976884e-01
3.485995800707339072e+02 1.055688781464483528e+00 -8.224110609456591447e+00 9.803531372168297064e-01 4.391689868366092930e-02 -2.867751545327516804e-02 1.901489744031142626e-01
3.501904848353225361e+02 1.156461214579795005e+00 -8.356026890192680412e+00 9.804695127509721608e-01 4.452100691109198149e-02 -2.855719073863276225e-02 1.894251867271379008e-01
3.517777888945448694e+02 1.258830341129999919e+00 -8.489594483991972140e+00 9.806345781363425829e-01 4.511561497447613700e-02 -2.838988185170670045e-02 1.884526997877138399e-01
3.533703565830633693e+02 1.333474396911357829e+00 -8.625860550545347394e+00 9.807648819924991157e-01 4.544217507933697581e-02 -2.844485350796140122e-02 1.876862948731441716e-01
3.549570510838474888e+02 1.408064802100769786e+00 -8.748035094268642453e+00 9.809115828593772957e-01 4.576768608167350316e-02 -2.857016692039783881e-02 1.868195147332877837e-01
3.565461710505469455e+02 1.446844326399314706e+00 -8.873815302750859502e+00 9.810719528450722038e-01 4.652882254849958349e-02 -2.858846016803092208e-02 1.857837236095447042e-01
3.581325372574150379e+02 1.492535277104058533e+00 -9.007930871426236052e+00 9.812060955595026668e-01 4.725858761684484377e-02 -2.856202358446879516e-02 1.848930359480787100e-01
3.597203829944190829e+02 1.525017798867228880e+00 -9.122752294318107857e+00 9.813508909273419567e-01 4.757849650899014654e-02 -2.906527637616835441e-02 1.839617494351289684e-01
3.613076757589608405e+02 1.584559005103878704e+00 -9.241328857461224899e+00 9.813972144476190707e-01 4.791670371650809390e-02 -2.891095589311117389e-02 1.836509014645587023e-01
3.628892997740526880e+02 1.650787003235544281e+00 -9.353280372688809408e+00 9.817194381886624743e-01 4.830746570401499296e-02 -2.857026786991355427e-02 1.818710346196826810e-01
3.644827229757055989e+02 1.706090077600363131e+00 -9.479137571044013555e+00 9.819540691307335756e-01 4.853856207737449607e-02 -2.990228329623278308e-02 1.803221216676625660e-01
3.660755614478094344e+02 1.748763427368630996e+00 -9.610453585714363811e+00 9.821708354892582093e-01 4.892110919051804313e-02 -3.063065161904169470e-02 1.789104194039430051e-01
3.676685869240166653e+02 1.801171133491089371e+00 -9.736465459370725384e+00 9.822918521110474144e-01 4.992178657792238627e-02 -3.035080510884573604e-02 1.780150587179670230e-01
3.692681885466357130e+02 1.895590723834936098e+00 -9.862166446059102753e+00 9.823044090768165981e-01 5.092583177392718402e-02 -3.043743327761011183e-02 1.776461939413587210e-01
3.708487843255450684e+02 2.019922968891173287e+00 -9.986964328991694728e+00 9.822993666762642739e-01 5.120097984563620752e-02 -3.120128812578612867e-02 1.774623720948991235e-01
3.724816144405381237e+02 2.095525152218655318e+00 -1.014257950453217738e+01 9.823477848278796554e-01 5.134517411743633880e-02 -3.194518937542358689e-02 1.770197944140044222e-01
3.740832699920321147e+02 2.173581451689444499e+00 -1.030345299954249860e+01 9.825126048457879513e-01 5.139365029228136483e-02 -3.189006778172472772e-02 1.760985451548541525e-01
3.756322323860940742e+02 2.245568105065816056e+00 -1.044894374928326641e+01 9.827363894935995381e-01 5.154640180405445360e-02 -3.143246768614948311e-02 1.748832673565381413e-01
3.772305244469077934e+02 2.308438924205852061e+00 -1.061150680120125145e+01 9.829844086453740637e-01 5.186367820060028277e-02 -3.154442012951207824e-02 1.733688576483726207e-01
3.788299902546672797e+02 2.344081973748537884e+00 -1.076444047884506006e+01 9.831757829118049630e-01 5.245396572054669693e-02 -3.193653223704263217e-02 1.720291233617711468e-01
3.804378160620609606e+02 2.417810368990185754e+00 -1.090616671541346960e+01 9.832127868036965035e-01 5.278172012241859334e-02 -3.230243963536163360e-02 1.716486477669761646e-01
3.820441978465289594e+02 2.496266247094098389e+00 -1.105028293279545260e+01 9.832037318370380197e-01 5.343547681189302762e-02 -3.308959000269550560e-02 1.713480392448685496e-01
3.836573942418079923e+02 2.584250857755721498e+00 -1.119645086469787465e+01 9.832752107730657887e-01 5.414344571564809472e-02 -3.306891329676831665e-02 1.707184645508232901e-01
3.852608370626012970e+02 2.662740216239947166e+00 -1.134274370264189713e+01 9.833440689667540813e-01 5.436766412264851245e-02 -3.287984378314236233e-02 1.702865672874723513e-01
3.868705986627115294e+02 2.748596405450153046e+00 -1.148416844180603213e+01 9.834312537003565557e-01 5.444582866192519688e-02 -3.288868219878347821e-02 1.697555759611114046e-01
3.884805180707143109e+02 2.840819769109965698e+00 -1.163335802837078248e+01 9.834168738878327209e-01 5.455999367640145675e-02 -3.336487293880717464e-02 1.697092940781113057e-01
3.900918179795817764e+02 2.932357174912153308e+00 -1.179244643492892308e+01 9.834150742261924538e-01 5.473703210072549535e-02 -3.396329009535430099e-02 1.695439294914309059e-01
3.917151534745116805e+02 3.021266681978500568e+00 -1.192905566719902666e+01 9.834529613239351153e-01 5.519422510202206394e-02 -3.397683900758371317e-02 1.691728252102640273e-01
3.933317556219444100e+02 3.101514489097938032e+00 -1.205572566866940321e+01 9.834416661486735656e-01 5.569395161523180843e-02 -3.424820326249621710e-02 1.690199207475027998e-01
